DE	Motif1	AAAWAARYAAAYAAAAAAGAACA	52787.78910951318
PO	A	C	G	T
1	0.3429758048668889	0.1788457725863019	0.19607813696540885	0.28210028558140043	A
2	0.3314910066879173	0.22649967835354537	0.24187009741869114	0.20013921753984615	A
3	0.34075720384650027	0.2851289400180076	0.13157932275739376	0.24253453337809855	A
4	0.5350701303185753	0.06586326765140135	0.0	0.3990666020300232	W
5	0.5959451611027367	0.10754780654591933	0.21471646831912403	0.08179056403221999	A
6	0.579067690851989	0.022908152484537023	0.15197106241286215	0.2460530942506119	A
7	0.37496628498683404	0.03611723565634413	0.5314263548244694	0.057490124532352485	R
8	0.0634227687697215	0.39985427979613797	0.0025915932529914794	0.534131358181149	Y
9	0.9250805630178855	0.07147388807922381	1.925625292567216E-4	0.0032529863736338693	A
10	0.9347138613753212	0.05861175242172328	0.0015897436342685904	0.00508464256868686	A
11	0.9892445514960924	4.009470054406146E-4	0.005441710103663908	0.0049127913948032054	A
12	0.005743282785917523	0.6750473382556934	0.011310727387842872	0.3078986515705463	Y
13	0.9276761052052622	0.008344859510894038	0.004033662602312201	0.05994537268153145	A
14	0.46773875585042285	0.13899549837491693	0.18282813293297656	0.21043761284168355	A
15	0.4696359193416536	0.164775792542821	0.17262551354033795	0.19296277457518754	A
16	0.42603216379013664	0.19577255181378805	0.16361529836771807	0.21457998602835712	A
17	0.5151762643442765	0.13279954237413807	0.14996116647509497	0.2020630268064904	A
18	0.5717655168246302	0.025009828335486727	0.25221067741061576	0.15101397742926728	A
19	0.2002584215840437	0.012838211788723467	0.6273910137683831	0.15951235285884954	G
20	0.44943345108978894	0.1450352479070892	0.1311201190796029	0.27441118192351893	A
21	0.8124725973071305	0.02894696576506206	0.05269191858408819	0.10588851834371946	A
22	0.15484876291306418	0.6613575184262974	0.07226211265891662	0.11153160600172168	C
23	0.660177258508307	0.09257615052768949	0.06449535075216699	0.18275124021183647	A
XX
DE	Motif2	WAANNAAACAAANAANNA	112362.1606740303
PO	A	C	G	T
1	0.39878296146044623	0.14766734279918864	0.1050709939148073	0.3484787018255578	W
2	0.46131805157593125	0.15227179697093737	0.18460908718788374	0.20180106426524766	A
3	0.4217854217854218	0.1339066339066339	0.19082719082719082	0.2534807534807535	A
4	0.25	0.25	0.25	0.25	N
5	0.25	0.25	0.25	0.25	N
6	0.7795242609178341	0.07349191302738863	0.07349191302738863	0.07349191302738863	A
7	0.7795242609178341	0.07349191302738863	0.07349191302738863	0.07349191302738863	A
8	0.7795242609178341	0.07349191302738863	0.07349191302738863	0.07349191302738863	A
9	0.07349191302738863	0.7795242609178341	0.07349191302738863	0.07349191302738863	C
10	0.7795242609178341	0.07349191302738863	0.07349191302738863	0.07349191302738863	A
11	0.7795242609178341	0.07349191302738863	0.07349191302738863	0.07349191302738863	A
12	0.6050276949296974	4.260758414997869E-18	0.21815083084789091	0.1768214742224116	A
13	0.25	0.25	0.25	0.25	N
14	0.47688463140358184	0.14827155351936694	0.13827571845064557	0.23656809662640566	A
15	0.38744320528707143	0.17224287484510534	0.21891780256092525	0.22139611730689798	A
16	0.25	0.25	0.25	0.25	N
17	0.25	0.25	0.25	0.25	N
18	0.45106035889070145	0.1668026101141925	0.15130505709624797	0.23083197389885807	A
XX
DE	Motif3	ANNAAATANNNANNNA	55790.811929483316
PO	A	C	G	T
1	0.7795242609178341	0.07349191302738863	0.07349191302738863	0.07349191302738863	A
2	0.25	0.25	0.25	0.25	N
3	0.25	0.25	0.25	0.25	N
4	0.7795242609178341	0.07349191302738863	0.07349191302738863	0.07349191302738863	A
5	0.7795242609178341	0.07349191302738863	0.07349191302738863	0.07349191302738863	A
6	0.7795242609178341	0.07349191302738863	0.07349191302738863	0.07349191302738863	A
7	0.07349191302738863	0.07349191302738863	0.07349191302738863	0.7795242609178341	T
8	0.7795242609178341	0.07349191302738863	0.07349191302738863	0.07349191302738863	A
9	0.25	0.25	0.25	0.25	N
10	0.25	0.25	0.25	0.25	N
11	0.25	0.25	0.25	0.25	N
12	0.4246913580246914	0.14074074074074075	0.21975308641975308	0.21481481481481482	A
13	0.25	0.25	0.25	0.25	N
14	0.25	0.25	0.25	0.25	N
15	0.25	0.25	0.25	0.25	N
16	0.7795242609178341	0.07349191302738863	0.07349191302738863	0.07349191302738863	A
XX
DE	Motif4	AANNAAACAAANANNNANNNA	94567.19212942547
PO	A	C	G	T
1	0.4469298245614035	0.16096491228070176	0.1706140350877193	0.22149122807017543	A
2	0.42964601769911503	0.15353982300884955	0.1836283185840708	0.2331858407079646	A
3	0.25	0.25	0.25	0.25	N
4	0.25	0.25	0.25	0.25	N
5	0.6356088560885609	0.1305350553505535	0.2158671586715867	0.0179889298892989	A
6	0.7795242609178341	0.07349191302738863	0.07349191302738863	0.07349191302738863	A
7	0.7795242609178341	0.07349191302738863	0.07349191302738863	0.07349191302738863	A
8	0.07349191302738863	0.7795242609178341	0.07349191302738863	0.07349191302738863	C
9	0.7795242609178341	0.07349191302738863	0.07349191302738863	0.07349191302738863	A
10	0.7795242609178341	0.07349191302738863	0.07349191302738863	0.07349191302738863	A
11	0.7795242609178341	0.07349191302738863	0.07349191302738863	0.07349191302738863	A
12	0.25	0.25	0.25	0.25	N
13	0.5631154879140555	0.11906893464637422	0.12354521038495972	0.19427036705461057	A
14	0.25	0.25	0.25	0.25	N
15	0.25	0.25	0.25	0.25	N
16	0.25	0.25	0.25	0.25	N
17	0.4511013215859031	0.19779735682819383	0.13303964757709252	0.21806167400881057	A
18	0.25	0.25	0.25	0.25	N
19	0.25	0.25	0.25	0.25	N
20	0.25	0.25	0.25	0.25	N
21	0.3972172351885099	0.2001795332136445	0.14766606822262118	0.25493716337522443	A
XX
DE	Motif5	AAATAAANANNNANNNA	61302.926186532066
PO	A	C	G	T
1	0.5152979066022544	0.26247987117552335	0.09178743961352658	0.13043478260869565	A
2	0.7795242609178341	0.07349191302738863	0.07349191302738863	0.07349191302738863	A
3	0.7795242609178341	0.07349191302738863	0.07349191302738863	0.07349191302738863	A
4	0.07349191302738863	0.07349191302738863	0.07349191302738863	0.7795242609178341	T
5	0.7795242609178341	0.07349191302738863	0.07349191302738863	0.07349191302738863	A
6	0.7795242609178341	0.07349191302738863	0.07349191302738863	0.07349191302738863	A
7	0.7795242609178341	0.07349191302738863	0.07349191302738863	0.07349191302738863	A
8	0.25	0.25	0.25	0.25	N
9	0.7795242609178341	0.07349191302738863	0.07349191302738863	0.07349191302738863	A
10	0.25	0.25	0.25	0.25	N
11	0.25	0.25	0.25	0.25	N
12	0.25	0.25	0.25	0.25	N
13	0.43876723438767234	0.10300081103000812	0.18248175182481752	0.275750202757502	A
14	0.25	0.25	0.25	0.25	N
15	0.25	0.25	0.25	0.25	N
16	0.25	0.25	0.25	0.25	N
17	0.4087468460891506	0.1648444070647603	0.16989066442388562	0.25651808242220353	A
XX
DE	Motif6	WAWTWWAAARGAACANAATGTWC	39108.74223671839
PO	A	C	G	T
1	0.3784820562135965	0.17784768935895118	0.13430207413926776	0.3093681802881845	W
2	0.39787713768999633	0.17201889544107454	0.15582227155561376	0.2742816953133154	A
3	0.3366058230692176	0.17207954029013964	0.1444598310416083	0.3468548055990344	W
4	0.2916793500091869	0.18388395908787913	0.15744402398643534	0.36699266691649857	T
5	0.3157130971809829	0.134357095531432	0.15911151212730845	0.3908182951602766	W
6	0.3320908688181174	0.1318401703193582	0.22236456104796798	0.3137043998145565	W
7	0.32102650883796097	0.21718369265117668	0.19028288887478423	0.2715069096360781	A
8	0.40935698482318145	0.1916092690808272	0.13934447778688375	0.2596892683091076	A
9	0.45912597890693024	0.16204131660716617	0.21654060146298407	0.16229210302291952	A
10	0.6093914024569376	0.0	0.32859346228496533	0.062015135258097154	R
11	0.027662008527836082	7.229149656475763E-4	0.9496483803308357	0.021966696175680502	G
12	0.5402885945231423	0.10696825805172058	0.10784358928151182	0.2448995581436252	A
13	0.9817568269607746	0.0	0.005083738366046214	0.013159434673179303	A
14	0.0025694660535350963	0.9704850938246319	0.024218548276922155	0.0027268918449109857	C
15	0.9207473882628228	0.0022825056699005346	0.003389593397682617	0.07358051266959427	A
16	0.21055020533898222	0.24167440334866833	0.2567737842911801	0.2910016070211694	N
17	0.37412216181270447	0.16139198575721014	0.16714756119989146	0.297338291230194	A
18	0.3093227614299757	0.2758709033619528	0.24558654701743435	0.16921978819063707	A
19	0.26585566283087064	0.03760428147765811	0.03600370917620463	0.6605363465152666	T
20	0.07606076714254484	0.0	0.9157469534571756	0.008192279400279676	G
21	0.16282676115930733	0.06565762373822887	0.042370838969114324	0.7291447761333496	T
22	0.3355936931040131	0.17603298346124813	0.17530450702894684	0.3130688164057919	W
23	0.2158515912023714	0.5524228528413712	0.021947381786777034	0.2097781741694804	C
XX
DE	Motif7	ANNAAATAAACANNNA	55677.88837637013
PO	A	C	G	T
1	0.3845565749235474	0.16819571865443425	0.21559633027522937	0.231651376146789	A
2	0.25	0.25	0.25	0.25	N
3	0.25	0.25	0.25	0.25	N
4	0.47392638036809814	0.24233128834355827	0.13650306748466257	0.147239263803681	A
5	0.7795242609178341	0.07349191302738863	0.07349191302738863	0.07349191302738863	A
6	0.7795242609178341	0.07349191302738863	0.07349191302738863	0.07349191302738863	A
7	0.07349191302738863	0.07349191302738863	0.07349191302738863	0.7795242609178341	T
8	0.7795242609178341	0.07349191302738863	0.07349191302738863	0.07349191302738863	A
9	0.7795242609178341	0.07349191302738863	0.07349191302738863	0.07349191302738863	A
10	0.7795242609178341	0.07349191302738863	0.07349191302738863	0.07349191302738863	A
11	0.22918258212375858	0.34988540870893814	0.12223071046600459	0.2987012987012987	C
12	0.7795242609178341	0.07349191302738863	0.07349191302738863	0.07349191302738863	A
13	0.25	0.25	0.25	0.25	N
14	0.25	0.25	0.25	0.25	N
15	0.25	0.25	0.25	0.25	N
16	0.4058641975308642	0.14583333333333334	0.19598765432098766	0.2523148148148148	A
XX
DE	Motif8	GWACACAGW	16679.117495131624
PO	A	C	G	T
1	0.29392077594330684	0.0	0.5904065609304763	0.1156726631262169	G
2	0.4838082650392451	0.14889875463785582	0.05274355567958788	0.3145494246433112	W
3	1.0	0.0	0.0	0.0	A
4	0.0	1.0	0.0	0.0	C
5	1.0	0.0	0.0	0.0	A
6	0.0	1.0	0.0	0.0	C
7	1.0	0.0	0.0	0.0	A
8	0.24011598311213053	0.09816240460804625	0.5054213023368251	0.15630030994299812	G
9	0.32395943702286073	0.06668415738861194	0.06875908294822512	0.5405973226403021	W
XX
DE	Motif9	GTNCTTNTTTGTTTAYWTW	61767.54800654843
PO	A	C	G	T
1	0.23477208551835418	0.17063331988705124	0.3219039935457846	0.27269060104881	G
2	0.23820943245403678	0.15067945643485212	0.1374900079936051	0.473621103117506	T
3	0.25	0.25	0.25	0.25	N
4	0.2841726618705036	0.3381294964028777	0.10631494804156674	0.271382893685052	C
5	0.24919743178170145	0.2158908507223114	0.1420545746388443	0.39285714285714285	T
6	0.2847444089456869	0.17012779552715654	0.14936102236421725	0.3957667731629393	T
7	0.25	0.25	0.25	0.25	N
8	0.2521075873143316	0.18386190285026094	0.13729425933360095	0.4267362505018065	T
9	0.2617046818727491	0.19207683073229292	0.16646658663465386	0.37975190076030413	T
10	0.07349191302738863	0.07349191302738863	0.07349191302738863	0.7795242609178341	T
11	0.07349191302738863	0.07349191302738863	0.7795242609178341	0.07349191302738863	G
12	0.07349191302738863	0.07349191302738863	0.07349191302738863	0.7795242609178341	T
13	0.07349191302738863	0.07349191302738863	0.07349191302738863	0.7795242609178341	T
14	0.07349191302738863	0.07349191302738863	0.07349191302738863	0.7795242609178341	T
15	0.7795242609178341	0.07349191302738863	0.07349191302738863	0.07349191302738863	A
16	0.16117363344051447	0.4385048231511254	0.05787781350482315	0.342443729903537	Y
17	0.31330128205128205	0.19631410256410256	0.0673076923076923	0.4230769230769231	W
18	0.18497802636835797	0.2093487814622453	0.15900918897323213	0.4466640031961646	T
19	0.4017607042817127	0.09243697478991597	0.12484993997599039	0.38095238095238093	W
XX
DE	Motif10	WMAAWAAATATTTACWTW	16116.814864775019
PO	A	C	G	T
1	0.3732726186822826	0.13243443389848167	0.10093970685456524	0.3933532405646704	W
2	0.30272554085226727	0.3078782032808677	0.1511394111987456	0.2382568446681193	M
3	0.4419788823635884	0.1484226632152327	0.12415678735149749	0.2854416670696814	A
4	0.3778549240364543	0.15309661125075322	0.23894054348810856	0.23010792122468401	A
5	0.3032014640233245	0.2626807826624426	0.11967652173712996	0.31444123157710296	W
6	0.4787303723897657	0.19956706329645976	0.13210396757594017	0.18959859673783444	A
7	0.5181514950332545	0.14367570712989808	0.10972670208519412	0.22844609575165317	A
8	0.5379664977685757	0.08998097430878675	0.13946669883604615	0.2325858290865912	A
9	0.0011985439911043516	0.05116866061774789	0.0	0.9476327953911478	T
10	0.9043554526050217	0.003626536247338608	0.08658804783346019	0.005429963314179554	A
11	0.0	0.0	0.0	1.0	T
12	0.0	0.0	0.044970974785488005	0.9550290252145119	T
13	0.0	0.0	0.08652040151610167	0.9134795984838984	T
14	0.8334925361985817	0.0012027168083086899	0.16111758767559775	0.004187159317511869	A
15	0.05381485173249134	0.675159635921696	0.0	0.2710255123458125	C
16	0.37741037080495093	0.12493250323921215	0.0	0.4976571259558369	W
17	0.1798218960615081	0.22978783746358758	0.2631462358256745	0.32724403064922986	T
18	0.5427061383118432	0.043126731666784726	0.08123910678283781	0.3329280232385342	W
XX
DE	Motif11	WAWRTAAACATTT	39045.61537514243
PO	A	C	G	T
1	0.3218420497117	0.17289331322959872	0.13103829493080957	0.3742263421278918	W
2	0.3595254944325416	0.18947682303915842	0.18812771075591342	0.2628699717723866	A
3	0.3379472313112341	0.15410087913483347	0.20243668892971536	0.305515200624217	W
4	0.3027875661308589	0.12277891313965426	0.3376547249642456	0.23677879576524113	R
5	0.21383071055175665	0.2890318988856792	0.11242196784366708	0.384715422718897	T
6	1.0	0.0	0.0	0.0	A
7	1.0	0.0	0.0	0.0	A
8	1.0	0.0	0.0	0.0	A
9	0.0	1.0	0.0	0.0	C
10	1.0	0.0	0.0	0.0	A
11	0.0	0.0	0.0	1.0	T
12	0.1897685473546747	0.18958585921676757	0.23857674836230117	0.3820688450662566	T
13	0.2753399265501672	0.2195706247597537	0.17354983403346894	0.33153961465661014	T
XX
DE	Motif12	TNWGTAAAYATTTTTTTW	18394.392249779536
PO	A	C	G	T
1	0.27914737547359686	0.07457257217614204	0.08140234149255962	0.5648777108577014	T
2	0.27471146250916406	0.24241378499572955	0.26693026121765356	0.2159444912774528	N
3	0.39179809248287445	0.0010511369807126138	0.1562776521432062	0.45087311839320676	W
4	0.15262047118144462	0.0020969671953496418	0.8166793891719013	0.028603172451304358	G
5	0.0	0.17214638293817638	0.001580467723523887	0.8262731493382998	T
6	0.9076117629412775	0.0892426352449235	0.0	0.003145601813798999	A
7	0.8986796560047988	0.09975446970315835	0.001039193076925274	5.266812151175498E-4	A
8	0.9994801910410266	0.0	0.0	5.198089589733078E-4	A
9	0.0	0.4110783234497286	0.0	0.5889216765502714	Y
10	0.9812983617371539	4.67404335583028E-4	0.0030912482641711576	0.015142985663091704	A
11	0.1943100370404218	0.17943941777501424	0.14004716839741793	0.4862033767871461	T
12	0.2294899447658279	0.11573730503530652	0.1355940959315745	0.519178654267291	T
13	0.19554371622817998	0.13994517929107073	0.23325107923057734	0.431260025250172	T
14	0.27865969970640947	0.15196489089475249	0.2389189442787391	0.3304564651200989	T
15	0.24041427467998286	0.21634986299031803	0.14979940928358762	0.39343645304611147	T
16	0.29483964821557673	0.09757601445783158	0.19534578408805886	0.4122385532385327	T
17	0.26285635927738615	0.1448333392616638	0.2770434739640053	0.3152668274969448	T
18	0.4303307773444458	0.0	0.18833720345004779	0.3813320192055065	W
XX
DE	Motif13	RGWACANACWGTTC	40659.15558674058
PO	A	C	G	T
1	0.5861069513989547	0.0	0.3303911489064511	0.08350189969459408	R
2	0.0010458134022907296	0.0	0.9562168704569749	0.042737316140734394	G
3	0.4746798206769021	0.10454614355231323	0.11028418968261879	0.31048984608816593	W
4	0.9976167749451451	5.015481054322362E-4	0.0	0.0018816769494228152	A
5	0.011825348362485126	0.9617953774342086	0.026379274203306272	0.0	C
6	0.896465346595507	0.013285596525598036	0.03277976615678271	0.05746929072211227	A
7	0.2103538973721714	0.2637834221127157	0.23897562969131717	0.2868870508237957	N
8	0.4045210282679359	0.15862316190160883	0.17140604006623447	0.26544976976422086	A
9	0.29673015849664525	0.3069159843698554	0.2354042660066381	0.16094959112686125	C
10	0.30601820500683174	0.0	0.0	0.6939817949931683	W
11	0.05040727365271145	0.0	0.9495927263472886	0.0	G
12	0.17728388092674402	0.07652087107298085	2.7383424768411365E-4	0.745921413752591	T
13	0.27621273482018294	0.17661653187303733	0.19681285777762095	0.3503578755291588	T
14	0.21544405760403582	0.5327898315294356	0.02101491981005828	0.2307511910564704	C
XX
DE	Motif14	WGWGYAAAYATTTTTWTT	20597.062546508103
PO	A	C	G	T
1	0.403447347239957	0.0	0.0	0.5965526527600431	W
2	0.2845603162315538	0.2307734174595747	0.31766216490082705	0.16700410140804425	G
3	0.4751505749716691	0.0	0.1809331918372271	0.34391623319110376	W
4	0.2993951103209621	0.0	0.6710870306744173	0.029517859004620634	G
5	0.0	0.394577386275657	0.0	0.605422613724343	Y
6	1.0	0.0	0.0	0.0	A
7	0.8609982139527099	0.13900178604728997	0.0	0.0	A
8	1.0	0.0	0.0	0.0	A
9	0.0	0.4392812900289807	0.0	0.5607187099710194	Y
10	1.0	0.0	0.0	0.0	A
11	0.18087383393443815	0.1830505963129401	0.18663849170935584	0.4494370780432658	T
12	0.2280088928707921	0.09746959363006157	0.15385554709497595	0.5206659664041704	T
13	0.22021412417624314	0.10843761273129034	0.27260601278162144	0.3987422503108451	T
14	0.291307589853685	0.16453917504234972	0.19301567647691215	0.3511375586270531	T
15	0.2267115607560105	0.2665744538762778	0.14680388407637152	0.3599101012913401	T
16	0.3046722817255869	0.14898868162401208	0.1102212202022608	0.4361178164481402	W
17	0.23036161316819695	0.13074472270603582	0.2963085307772869	0.34258513334848034	T
18	0.2622623932836252	0.15004049253190893	0.206368761304793	0.38132835287967287	T
XX
DE	Motif15	AWAARTAAACAGWA	11681.935460777282
PO	A	C	G	T
1	0.3257491237018375	0.2801065324646999	0.14946601575592014	0.24467832807754253	A
2	0.6232936219727607	0.015032514616225866	0.03741151056775363	0.3242623528432597	W
3	0.6398417154026548	0.04151085867784302	0.2598659346995752	0.05878149121992701	A
4	0.7235436852419662	0.0	0.12791580328128024	0.14854051147675348	A
5	0.3428623135079683	0.019087181712332472	0.5458113957372923	0.09223910904240687	R
6	0.20836803022162625	0.26823874707623396	0.10347608079977313	0.4199171419023666	T
7	0.9165511370109601	0.01984489658211745	0.04850599351248455	0.015097972894437981	A
8	0.8631421685001848	0.11463190728581309	0.006324334592795073	0.015901589621207073	A
9	0.9857083503202287	0.005586122923507355	0.006321261899740031	0.0023842648565241204	A
10	0.03236480894703845	0.9175942770318837	0.011922353337145829	0.03811856068393201	C
11	0.962537371027163	0.0	0.0016025574989224278	0.0358600714739146	A
12	0.036270367460228645	0.03958747448197181	0.8226803590877781	0.10146179897002146	G
13	0.3478999135581499	0.14788903754154092	0.19301364565209025	0.3111974032482189	W
14	0.3653144900519855	0.18038573319714696	0.21126754840448783	0.2430322283463797	A
XX
DE	Motif16	WWTATTTGYW	12636.080886213264
PO	A	C	G	T
1	0.4938886174641048	0.11196401942560702	0.07127438943349333	0.3228729736767949	W
2	0.4595334922819578	0.10648783647034495	0.1079847998143022	0.32599387143339503	W
3	0.0	0.0	0.0	1.0	T
4	1.0	0.0	0.0	0.0	A
5	0.0	0.0	0.0	1.0	T
6	0.0	0.0	0.0	1.0	T
7	0.0	0.0	0.0	1.0	T
8	0.0	0.0	1.0	0.0	G
9	0.19613115179621896	0.3524234663493253	0.10742546348049166	0.34401991837396395	Y
10	0.3181158445457535	0.20457521402133041	0.0831066940604951	0.39420224737242093	W
XX
DE	Motif17	AATAAAA	35922.634207873794
PO	A	C	G	T
1	0.44641275465013286	0.2267493356953056	0.10451727192205491	0.22232063773250665	A
2	0.7795242609178341	0.07349191302738863	0.07349191302738863	0.07349191302738863	A
3	0.07349191302738863	0.07349191302738863	0.07349191302738863	0.7795242609178341	T
4	0.7795242609178341	0.07349191302738863	0.07349191302738863	0.07349191302738863	A
5	0.7795242609178341	0.07349191302738863	0.07349191302738863	0.07349191302738863	A
6	0.7795242609178341	0.07349191302738863	0.07349191302738863	0.07349191302738863	A
7	0.7795242609178341	0.07349191302738863	0.07349191302738863	0.07349191302738863	A
XX
DE	Motif18	ANNNAMACAGANNANNA	37130.87414204784
PO	A	C	G	T
1	0.4191114836546521	0.12405699916177704	0.2564962279966471	0.20033528918692373	A
2	0.25	0.25	0.25	0.25	N
3	0.25	0.25	0.25	0.25	N
4	0.25	0.25	0.25	0.25	N
5	0.7795242609178341	0.07349191302738863	0.07349191302738863	0.07349191302738863	A
6	0.5117845117845118	0.34175084175084175	0.14646464646464646	8.417508417508417E-18	M
7	0.7795242609178341	0.07349191302738863	0.07349191302738863	0.07349191302738863	A
8	0.07349191302738863	0.7795242609178341	0.07349191302738863	0.07349191302738863	C
9	0.7795242609178341	0.07349191302738863	0.07349191302738863	0.07349191302738863	A
10	0.07349191302738863	0.07349191302738863	0.7795242609178341	0.07349191302738863	G
11	0.7795242609178341	0.07349191302738863	0.07349191302738863	0.07349191302738863	A
12	0.25	0.25	0.25	0.25	N
13	0.25	0.25	0.25	0.25	N
14	0.4021648626144879	0.16402997502081598	0.22148209825145712	0.21232306411323898	A
15	0.25	0.25	0.25	0.25	N
16	0.25	0.25	0.25	0.25	N
17	0.4054954204829309	0.20815986677768525	0.14071606994171523	0.2456286427976686	A
XX
DE	Motif19	GWACANAATGTTCYT	39102.14290038959
PO	A	C	G	T
1	0.16221049587480013	0.018225866023819114	0.6631933341885442	0.15637030391283657	G
2	0.3991178901014259	0.15024864537220867	0.136601312068792	0.3140321524575735	W
3	0.8266492396786298	0.019666970530837942	0.04962761108469558	0.10405617870583674	A
4	0.012189127844756079	0.9242294470092003	0.029467005698041355	0.034114419448002344	C
5	0.8378983367084067	0.005508515258756927	0.01128864303209133	0.14530450500074496	A
6	0.25869449798534644	0.277474774012976	0.2925006965391055	0.17133003146257214	N
7	0.6720888784068465	0.15704968376178907	0.16935377377169925	0.00150766405966509	A
8	0.41129461504031306	0.2588507887879722	0.2222096025575995	0.10764499361411527	A
9	0.18987248420914135	0.015212116123790448	0.012839865211859298	0.7820755344552088	T
10	2.6182011134536875E-4	0.0	0.9997381798886547	0.0	G
11	0.04574603394595242	8.261159193696416E-4	0.0	0.9534278501346779	T
12	0.2573960391684478	0.15447492743645258	0.14753563331240582	0.44059340008269376	T
13	0.09745855859534434	0.7645113697748791	0.002920379970288003	0.1351096916594884	C
14	0.12710969047738244	0.34857630438019716	0.01168515155079016	0.5126288535916302	Y
15	0.20145706358925755	0.21140388057360807	0.15436018142174054	0.4327788744153937	T
XX
DE	Motif20	RGAACANANTGTAC	42948.13926738692
PO	A	C	G	T
1	0.6081213887235055	0.0	0.34069115272009554	0.05118745855639898	R
2	0.01202863920308196	0.0	0.9829229747964804	0.005048386000437728	G
3	0.5336273915549299	0.11360857135568445	0.10655204997705725	0.24621198711232842	A
4	0.98715677706288	0.0	0.0027794486279032224	0.010063774309216789	A
5	0.0	0.9680104320173198	0.030802896097834386	0.001186671884845697	C
6	0.9342098945293984	0.0	0.002474802123410595	0.06331530334719088	A
7	0.19965061946667673	0.2519577238365279	0.25367330993487247	0.294718346761923	N
8	0.38170070327303945	0.16211589237742793	0.1712466165774175	0.2849367877721152	A
9	0.2952651186559847	0.28525866739745886	0.24702714148208488	0.17244907246447153	N
10	0.2906514942522378	0.035310403144741084	0.04059381350060795	0.6334442891024131	T
11	0.06390750703834662	0.0	0.935624238912284	4.6825404936943506E-4	G
12	0.16248315032230326	0.06965967393457549	0.04730950677919392	0.7205476689639274	T
13	0.3275363792188288	0.1914259228948941	0.18604254073239634	0.2949951571538807	A
14	0.23547318236950968	0.5260909103428971	0.013498972423788004	0.22493693486380506	C
XX
DE	Motif21	ARGAACAKTNTGTTC	36016.135754973635
PO	A	C	G	T
1	0.464216430035725	0.14220894363865674	0.19403440350727486	0.19954022281834335	A
2	0.5110535487055411	0.006807378178222523	0.354565102454288	0.12757397066194845	R
3	0.11993582375190256	0.005245214046532401	0.7900272597108052	0.0847917024907597	G
4	0.45182934945003095	0.15797739504077832	0.1284292895863742	0.2617639659228166	A
5	0.9716308144365947	0.0	0.004299855945888739	0.024069329617516455	A
6	0.0	0.9988241227887944	0.0011758772112056032	0.0	C
7	0.8525269940199254	0.0	0.0	0.14747300598007465	A
8	0.09857456879468342	0.19180398496797663	0.38506337766320753	0.3245580685741324	K
9	0.05333291277578583	0.12700131055437874	0.17686762813711418	0.6427981485327212	T
10	0.24024460906270248	0.20283719177106052	0.29564311356990886	0.26127508559632817	N
11	0.16310310436669215	0.06534612643637626	0.0	0.7715507691969316	T
12	0.06201350768080933	0.06616870594317958	0.8463351913141279	0.0254825950618831	G
13	0.03791702901336092	0.015592370093981869	0.001742671273514339	0.9447479296191429	T
14	0.28406354605596484	0.15124877836284986	0.17775124740646692	0.3869364281747184	T
15	0.15435559652114092	0.6500407219926754	0.01958398249902728	0.17601969898715653	C
XX
DE	Motif22	AAATATTT	34965.598711269675
PO	A	C	G	T
1	0.7795242609178341	0.07349191302738863	0.07349191302738863	0.07349191302738863	A
2	0.7795242609178341	0.07349191302738863	0.07349191302738863	0.07349191302738863	A
3	0.7795242609178341	0.07349191302738863	0.07349191302738863	0.07349191302738863	A
4	0.07349191302738863	0.07349191302738863	0.07349191302738863	0.7795242609178341	T
5	0.7795242609178341	0.07349191302738863	0.07349191302738863	0.07349191302738863	A
6	0.07349191302738863	0.07349191302738863	0.07349191302738863	0.7795242609178341	T
7	0.07349191302738863	0.07349191302738863	0.07349191302738863	0.7795242609178341	T
8	0.13610888710968774	0.05924739791833468	0.17614091273018415	0.6285028022417934	T
XX
DE	Motif23	AARGAACANWATGT	38640.893302990116
PO	A	C	G	T
1	0.4029067842077317	0.20813947672392427	0.1409674248295066	0.2479863142388374	A
2	0.4809488875273983	0.15428353966813707	0.21648096731408012	0.14828660549038453	A
3	0.6240180046147554	0.0	0.35166435924496947	0.02431763614027526	R
4	0.0	0.0	0.9890232632627429	0.010976736737257122	G
5	0.5224606600931475	0.1021867902564631	0.10121235701468274	0.2741401926357066	A
6	0.9986262786255803	0.0	0.0	0.001373721374419622	A
7	0.006480110829567075	0.9935198891704329	0.0	0.0	C
8	0.961608704571628	0.0	0.0	0.038391295428372114	A
9	0.19134833208099297	0.2550233527724847	0.2710156427582218	0.28261267238830035	N
10	0.37575744492130375	0.15265103672879868	0.15865541485103385	0.3129361034988638	W
11	0.3014364819561942	0.2771043573669604	0.2486053008640073	0.17285385981283818	A
12	0.27440072673838145	0.03523218806557469	0.036190616591075794	0.6541764686049681	T
13	0.0703215049432862	0.022784792092221166	0.9055737604548767	0.0013199425096157623	G
14	0.1595000000008365	0.07559752889280094	0.049002673354053825	0.7158997977523087	T
XX
DE	Motif24	TTNTGTAAACAT	33216.63047077801
PO	A	C	G	T
1	0.23831096178591757	0.26196978572926805	0.1567361784924971	0.34298307399231737	T
2	0.16681586929181041	0.10726313610388784	0.049727282337204415	0.6761937122670973	T
3	0.2646923705191612	0.22266469016337198	0.25640569798341306	0.25623724133405373	N
4	0.04669147970376454	7.248753956795533E-4	0.03450107761559914	0.9180825672849567	T
5	0.026460946019743317	0.011705623090400519	0.9397848871209064	0.022048543768949772	G
6	0.023748505121087133	0.0583870261251908	0.006926693784986016	0.9109377749687361	T
7	0.9308537792462274	0.0412231202621301	0.015234132911970372	0.012688967579672217	A
8	0.9319444980930783	0.04297747524031157	0.011142603511811662	0.01393542315479845	A
9	0.9641684851730168	0.005624775039913474	0.012608093850348476	0.0175986459367213	A
10	0.055651349339819516	0.6593126258436699	0.041429108081164845	0.2436069167353459	C
11	0.8793562924718333	0.0	0.0	0.1206437075281667	A
12	0.2619549949927777	0.18464881053741888	0.2226582689524617	0.33073792551734177	T
XX
DE	Motif25	WAAAARAACACAGW	13200.787847369711
PO	A	C	G	T
1	0.3800965121158164	0.1370164960739642	0.15500025140400767	0.3278867404062117	W
2	0.5698306501304152	0.14902641118818513	0.13329137122159976	0.14785156745979994	A
3	0.5108315829784293	0.13231795065051272	0.10495537758209517	0.2518950887889627	A
4	0.40883321690182023	0.10427111051262296	0.27121129598736626	0.21568437659819056	A
5	0.3734487161766458	0.11831218766101213	0.2578515776622273	0.25038751850011465	A
6	0.560889163936151	0.0	0.4391108360638491	0.0	R
7	0.954272387906657	0.017290795250128818	0.0013934793142575525	0.027043337528956556	A
8	0.941680925661388	6.941982755048526E-4	0.04451094551581355	0.013113930547293677	A
9	0.018638075882376027	0.8998857410979894	0.011808675396796808	0.06966750762283778	C
10	0.9930637022934931	0.0027749355506345996	0.0	0.00416136215587229	A
11	0.0027468449226085057	0.8822322143241833	0.08730811857377778	0.02771282217943048	C
12	0.955501095167855	0.004822166517139122	0.0	0.03967673831500589	A
13	0.23524521585148644	0.16944808031875908	0.39714034187479735	0.1981663619549571	G
14	0.3127632526640432	0.15376429325711352	0.14632195932903486	0.3871504947498085	W
XX
