DE	Motif1	AAAWAARYAAAYAAAAAAGAACA	53043.8206509542
PO	A	C	G	T
1	0.3430642238775921	0.17797463257499496	0.195691564324542	0.28326957922287094	A
2	0.33199114153412523	0.2250855647271995	0.24199718139722165	0.2009261123414536	A
3	0.33944030601973024	0.2852828669216831	0.1320716730420777	0.24320515401650897	A
4	0.5351318703442722	0.06623716529092007	0.0	0.3986309643648077	W
5	0.5967384739279243	0.10811354942621301	0.21441513992349506	0.08073283672236763	A
6	0.5790215421783773	0.024360781155627138	0.15180189249043688	0.2448157841755587	A
7	0.3768874572176364	0.0364405073485001	0.5296959935574793	0.05697604187638414	R
8	0.06321723374270183	0.40064425206361987	0.0026172740084558083	0.5335212401852225	Y
9	0.92550835514395	0.07106905576806925	2.0132876988121604E-4	0.0032212603180994566	A
10	0.9353734648681297	0.05838534326555265	0.0014093013891685123	0.004831890477149185	A
11	0.9903362190457017	4.026575397624321E-4	0.005435876786792832	0.0038252466277431045	A
12	0.005033219247030401	0.6764646668008858	0.011274411113348098	0.30722770283873563	Y
13	0.9285282866921684	0.007851822025367425	0.0036239178578618887	0.059995973424602375	A
14	0.46547211596537147	0.14093013891685122	0.1820012079726193	0.21159653714515805	A
15	0.46949869136299577	0.16629756392188444	0.17193476947855849	0.1922689752365613	A
16	0.4246023756794846	0.19609422186430442	0.16368028991342862	0.21562311254278235	A
17	0.514395007046507	0.13267565935172135	0.1493859472518623	0.2035433863499094	A
18	0.570364405073485	0.026978055164082946	0.2500503321924703	0.15260720756996174	A
19	0.2035433863499094	0.014294342661566338	0.620696597543789	0.16146567344473525	G
20	0.4469498691362996	0.1445540567747131	0.1320716730420777	0.27642440104690963	A
21	0.8087376686128448	0.03080330179182605	0.0527481377088786	0.10771089188645057	A
22	0.1572377692772297	0.6567344473525267	0.07308234346688142	0.11294543990336219	C
23	0.6565331185826455	0.09402053553452788	0.0640225488222267	0.18542379706059997	A
XX
DE	Motif2	WAARYAAAYAAAAAAGAACA	47426.10783035642
PO	A	C	G	T
1	0.5067305498516997	0.07072781200091262	0.03331051791010723	0.3892311202372804	W
2	0.5833903718913986	0.10358202144649784	0.2185717545060461	0.0944558521560575	A
3	0.5722108145106092	0.028519279032626056	0.14807209673739447	0.2511978097193703	A
4	0.37691079169518593	0.03992699064567648	0.5126625598904859	0.07049965776865161	R
5	0.06981519507186858	0.39333789641797856	0.004334930412959161	0.5325119780971937	Y
6	0.9310974218571755	0.06662103582021446	0.0	0.0022815423226100846	A
7	0.9370294318959617	0.057494866529774126	0.0011407711613050423	0.004334930412959161	A
8	0.9890485968514716	0.0	0.009126169290440338	0.0018252338580880675	A
9	0.0027378507871321013	0.6712297513118869	0.012776637006616473	0.3132557608943646	Y
10	0.9381702030572667	0.006160164271047228	0.003650467716176135	0.05201916495550993	A
11	0.5033082363677847	0.13118868355007984	0.1702030572667123	0.19530002281542322	A
12	0.5774583618526123	0.0	0.2053388090349076	0.21720282911248004	A
13	0.4156970111795574	0.19780971937029432	0.18799908738307095	0.19849418206707733	A
14	0.5507643166780744	0.12822267853068675	0.13871777321469314	0.18229523157654576	A
15	0.5874971480720967	0.024412502851927902	0.23613963039014374	0.15195071868583163	A
16	0.21492128678986996	0.0189368012776637	0.6121378051562857	0.1540041067761807	G
17	0.4433036732831394	0.1542322610084417	0.12000912616929044	0.2824549395391284	A
18	0.8163358430298882	0.02806297056810404	0.053616244581336986	0.10198494182067078	A
19	0.1487565594341775	0.6623317362537076	0.07072781200091262	0.11818389231120237	C
20	0.6602783481633584	0.08441706593657312	0.06479580196212639	0.19050878393794204	A
XX
DE	Motif3	ARYAAATAWWWAARAA	11653.466900139592
PO	A	C	G	T
1	1.0	0.0	0.0	0.0	A
2	0.3696581196581197	0.08190883190883191	0.40028490028490027	0.14814814814814814	R
3	0.15883190883190884	0.37606837606837606	0.06552706552706553	0.3995726495726496	Y
4	1.0	0.0	0.0	0.0	A
5	1.0	0.0	0.0	0.0	A
6	1.0	0.0	0.0	0.0	A
7	0.0	0.0	0.0	1.0	T
8	1.0	0.0	0.0	0.0	A
9	0.3596866096866097	0.17094017094017094	0.12962962962962962	0.33974358974358976	W
10	0.3646723646723647	0.14245014245014245	0.15527065527065528	0.33760683760683763	W
11	0.306980056980057	0.18162393162393162	0.16168091168091167	0.34971509971509973	W
12	0.4551282051282051	0.1388888888888889	0.20726495726495728	0.1987179487179487	A
13	0.37037037037037035	0.15242165242165243	0.20868945868945868	0.26851851851851855	A
14	0.3027065527065527	0.09188034188034189	0.37606837606837606	0.22934472934472935	R
15	0.3596866096866097	0.18803418803418803	0.21296296296296297	0.23931623931623933	A
16	1.0	0.0	0.0	0.0	A
XX
DE	Motif4	AARWAAACAAACAARAAMAAA	33733.090787248024
PO	A	C	G	T
1	0.5670532262860541	0.09812667261373774	0.17900683913172763	0.15581326196848053	A
2	0.49628308058281295	0.07731192387749034	0.1888195063931014	0.2375854891465953	A
3	0.36574487065120426	0.11715730002973536	0.36277133511745463	0.1543264942016057	R
4	0.3431460005947071	0.17424918227772823	0.013975617008623252	0.46862920011894144	W
5	0.8331846565566459	0.09128754088611359	0.07552780255724056	0.0	A
6	0.9663990484686292	0.013380909901873328	0.01159678858162355	0.008623253047873923	A
7	0.8923580136782635	0.0	0.10526315789473684	0.0023788284269997025	A
8	0.009812667261373774	0.7915551590841511	0.0029735355337496285	0.19565863812072554	C
9	0.9964317573595004	2.973535533749628E-4	0.0	0.0032708890871245913	A
10	0.83942908117752	0.07106749925661612	0.04936068986024383	0.04014272970561998	A
11	0.8983050847457628	0.012786202795123401	0.051144811180493605	0.03776390127862028	A
12	0.2215283972643473	0.3648528099910794	0.13886410942610763	0.27475468331846564	C
13	0.7558727326791556	0.06184953910199227	0.07493309545049064	0.10734463276836158	A
14	0.535533749628308	0.06571513529586678	0.21796015462384777	0.1807909604519774	A
15	0.31965506987808506	0.07909604519774012	0.41540291406482305	0.18584597085935176	R
16	0.5135295866785609	0.1688968183169789	0.08296164139161463	0.23461195361284568	A
17	0.7047279214986619	0.09307166220636337	0.06987808504311627	0.13232233125185847	A
18	0.31876300921796014	0.415997621171573	0.11894142134998513	0.1462979482604817	M
19	0.5269104965804341	0.06244424620874219	0.22539399345822184	0.18525126375260184	A
20	0.3541480820695807	0.19149568837347605	0.19327980969372585	0.2610764198632174	A
21	0.5304787392209337	0.13856675587273268	0.08771929824561403	0.2432352066607196	A
XX
DE	Motif5	AAWAARYAAAYAAAAAAGAA	50898.98771301115
PO	A	C	G	T
1	0.35311871227364183	0.20543259557344065	0.24768611670020121	0.1937625754527163	A
2	0.3533199195171026	0.27706237424547286	0.1370221327967807	0.23259557344064385	A
3	0.5362173038229376	0.052515090543259556	0.01609657947686117	0.39517102615694166	W
4	0.5943661971830986	0.12414486921529175	0.22655935613682093	0.054929577464788736	A
5	0.6374245472837022	0.002414486921529175	0.1398390342052314	0.22032193158953722	A
6	0.41167002012072434	0.0	0.5782696177062374	0.01006036217303823	R
7	0.03219315895372234	0.42857142857142855	2.0120724346076458E-4	0.5390342052313883	Y
8	0.954728370221328	0.04527162977867203	0.0	0.0	A
9	0.9553319919517103	0.044668008048289735	0.0	0.0	A
10	1.0	0.0	0.0	0.0	A
11	0.0030181086519114686	0.6420523138832998	0.008249496981891348	0.3466800804828974	Y
12	0.9593561368209256	0.0	0.0	0.040643863179074445	A
13	0.44929577464788734	0.13883299798792756	0.17142857142857143	0.24044265593561368	A
14	0.45492957746478874	0.14869215291750504	0.17686116700201207	0.21951710261569415	A
15	0.4126760563380282	0.19718309859154928	0.15875251509054325	0.23138832997987926	A
16	0.5050301810865191	0.1392354124748491	0.14788732394366197	0.20784708249496983	A
17	0.5344064386317907	0.061971830985915494	0.22776659959758552	0.17585513078470824	A
18	0.2627766599597586	0.026559356136820925	0.5265593561368209	0.1841046277665996	G
19	0.42032193158953723	0.1442655935613682	0.17585513078470824	0.2595573440643863	A
20	0.7235412474849094	0.04688128772635815	0.07464788732394366	0.15492957746478872	A
XX
DE	Motif6	RGAACANWCTGTACY	49583.628945337194
PO	A	C	G	T
1	0.6404699210046587	0.0	0.3005874012558234	0.058942677739517925	R
2	0.07555195462831679	0.020660320032408346	0.8665181284180676	0.03726959692120721	G
3	0.7263520356491797	0.05975288636823982	0.06744986834109783	0.1464452096414827	A
4	0.9035851731820944	0.01174802511646749	0.03747214907838768	0.047194652623050434	A
5	0.007696981972858011	0.9096617378975086	0.044561474579704274	0.038079805549929104	C
6	0.8476807778002836	0.028762406319627305	0.03706704476402674	0.08648977111606239	A
7	0.22503544662750657	0.24265748430220782	0.24427790155965162	0.288029167510634	N
8	0.3534535142799271	0.15738302612922828	0.17115657281750052	0.31800688677334416	W
9	0.28762406319627304	0.3018027141989062	0.2258456552562285	0.18472756734859228	C
10	0.2689892647356694	0.0	0.0	0.7310107352643306	T
11	0.04233340085071906	0.021673080818310715	0.9201944500708933	0.01579906826007697	G
12	0.1035041523192222	0.019242454932145027	0.0	0.8772533927486328	T
13	0.37532914725541827	0.19809600972250355	0.21369252582540005	0.21288231719667813	A
14	0.19951387482276686	0.6082641280129634	0.0	0.1922219971642698	C
15	0.2507595705894268	0.32793194247518737	0.027141989062183514	0.39416649787320235	Y
XX
DE	Motif7	AWAARYAAAYAAAAAAG	49662.79939811897
PO	A	C	G	T
1	0.33741579914268216	0.2774035517452541	0.13798734435599103	0.24719330475607268	A
2	0.5390896101245152	0.048785466421718715	0.010614411104307001	0.40151051234945906	W
3	0.6011430904266177	0.14104919371300265	0.25780771586037965	0.0	A
4	0.6180853235354153	0.0	0.15145948152684222	0.23045519493774239	A
5	0.42661767707695447	0.0	0.5733823229230455	0.0	R
6	0.02959787711777914	0.4521330883853848	0.0	0.518269034496836	Y
7	1.0	0.0	0.0	0.0	A
8	0.9812206572769953	0.018779342723004695	0.0	0.0	A
9	1.0	0.0	0.0	0.0	A
10	4.082465809348847E-4	0.6221677893447642	0.0044907123902837316	0.37293325168401714	Y
11	0.9779546846295162	0.0	0.0	0.02204531537048377	A
12	0.4272300469483568	0.1447234129414166	0.1769748928352725	0.25107164727495407	A
13	0.43702796489079404	0.1528883445601143	0.1833027148397632	0.22678097570932843	A
14	0.38946723821187995	0.20228618085323535	0.16064502959787713	0.24760155133700756	A
15	0.4807103490508267	0.15105123494590733	0.1422739334558073	0.22596448254745866	A
16	0.4817309655031639	0.08716064502959787	0.2194325372525005	0.2116758522147377	A
17	0.2676056338028169	0.05837926107368851	0.4570320473566034	0.2169830577668912	G
XX
DE	Motif8	AAAARWACACARW	8550.719306285424
PO	A	C	G	T
1	0.6154806491885143	0.1348314606741573	0.09488139825218476	0.15480649188514356	A
2	0.5230961298377028	0.18851435705368288	0.04369538077403246	0.24469413233458176	A
3	1.0	0.0	0.0	0.0	A
4	0.4444444444444444	0.06991260923845194	0.20973782771535582	0.2759051186017478	A
5	0.4419475655430712	0.0	0.4993757802746567	0.05867665418227216	R
6	0.42696629213483145	0.15355805243445692	0.011235955056179775	0.40823970037453183	W
7	1.0	0.0	0.0	0.0	A
8	0.0	1.0	0.0	0.0	C
9	1.0	0.0	0.0	0.0	A
10	0.0	1.0	0.0	0.0	C
11	1.0	0.0	0.0	0.0	A
12	0.36079900124843944	0.149812734082397	0.3333333333333333	0.1560549313358302	R
13	0.5068664169787765	0.039950062421972535	0.08614232209737828	0.36704119850187267	W
XX
DE	Motif9	TTCTTTTTTGTTTRYTT	49852.368479925644
PO	A	C	G	T
1	0.15097338100913787	0.08005562177195073	0.05542312276519666	0.7135478744537147	T
2	0.27691696464044496	0.1404449741756059	0.1475963448549861	0.43504171632896305	T
3	0.17938021454112038	0.524036551450139	0.04131903059197457	0.255264203416766	C
4	0.1839491458085022	0.22228843861740166	0.05860150973381009	0.5351609058402861	T
5	0.21215733015494637	0.1374652363925308	0.1374652363925308	0.512912197059992	T
6	0.23083035359555026	0.17977751291219707	0.19725864123957093	0.39213349225268174	T
7	0.2129519268970997	0.15911799761620976	0.12713547874453715	0.5007945967421533	T
8	0.21255462852602305	0.17123559793404847	0.14938418752483115	0.4668255860150973	T
9	0.011124354390147001	0.0	5.959475566150178E-4	0.988279698053238	T
10	0.23480333730631706	0.001986491855383393	0.7622169249106079	9.932459276916965E-4	G
11	0.0	9.932459276916965E-4	0.0	0.9990067540723083	T
12	7.945967421533572E-4	0.0	0.04410011918951132	0.9551052840683353	T
13	0.0	7.945967421533572E-4	0.04092173222089789	0.9582836710369488	T
14	0.6317044100119189	5.959475566150178E-4	0.33810091378625345	0.029598728645212555	R
15	0.059992054032578464	0.5723083035359555	0.0	0.367699642431466	Y
16	0.25705204608661103	0.14580850218514105	0.009932459276916964	0.5872069924513309	T
17	0.08859753675009932	0.2026221692491061	0.10846245530393325	0.6003178386968614	T
XX
DE	Motif10	TTCTTTTTTRTTTRYTTW	54729.54898315189
PO	A	C	G	T
1	0.1733677609738104	0.08262633714496495	0.04297307266691258	0.7010328292143121	T
2	0.27222427148653633	0.17705643673921062	0.1466248616746588	0.4040944300995942	T
3	0.20158613057912209	0.518258945038731	0.03744005901881225	0.24271486536333456	C
4	0.1982663223902619	0.23293987458502396	0.058096643305053486	0.5106971597196607	T
5	0.2231648838067134	0.15621541866469937	0.12781261527111767	0.49280708225746955	T
6	0.25765400221320545	0.16101069715971966	0.19586868314275174	0.38546661748432315	T
7	0.24068609369236443	0.17226115824419033	0.1519734415344891	0.4350793065289561	T
8	0.2700110660272962	0.15769088897085945	0.14367392106233862	0.4286241239395057	T
9	0.01770564367392106	0.002028771670970122	0.0	0.9802655846551088	T
10	0.3965326447805238	0.0012910365178900774	0.6021763187015862	0.0	R
11	0.0	0.0	0.0	1.0	T
12	0.0	0.0	0.029140538546661748	0.9708594614533382	T
13	0.0	0.0	0.06086315012910365	0.9391368498708963	T
14	0.585023976392475	0.0	0.40243452600516416	0.012541497602360752	R
15	0.04057543341940244	0.5971966064182959	0.0	0.36222796016230174	Y
16	0.2585761711545555	0.149760236075249	0.0	0.5916635927701955	T
17	0.0900036886757654	0.23091110291405387	0.13924751014385836	0.5398376982663224	T
18	0.4345260051641461	0.013279232755440797	0.04979712283290299	0.5023976392475101	W
XX
DE	Motif11	WAARYAAACAAAAAAGAACA	54570.72056106353
PO	A	C	G	T
1	0.5216550657385924	0.05259087393658159	0.022815158546017015	0.402938901778809	W
2	0.5866202629543696	0.11832946635730858	0.20843000773395204	0.08662026295436968	A
3	0.5906805877803558	0.01237432327919567	0.14501160092807425	0.2519334880123743	A
4	0.37587006960556846	0.027262180974477957	0.5444702242846094	0.05239752513534416	R
5	0.0448569218870843	0.41183294663573083	1.9334880123743234E-4	0.5431167826759474	Y
6	0.9518561484918794	0.04756380510440835	0.0	5.80046403712297E-4	A
7	0.9522428460943542	0.042923433874709975	3.866976024748647E-4	0.004447022428460944	A
8	0.9949729311678268	1.9334880123743234E-4	0.0038669760247486465	9.667440061871616E-4	A
9	0.0017401392111368909	0.6948955916473318	0.005413766434648105	0.2979505027068832	C
10	0.94276875483372	0.0075406032482598605	3.866976024748647E-4	0.049303944315545245	A
11	0.43503480278422274	0.1297370456303171	0.1668600154679041	0.26836813611755606	A
12	0.432907965970611	0.16047950502706884	0.1840680587780356	0.2225444702242846	A
13	0.40699922660479504	0.20204949729311678	0.15796597061098222	0.23298530549110597	A
14	0.5112142304717711	0.12606341840680588	0.13805104408352667	0.22467130703789637	A
15	0.5336426914153132	0.05104408352668213	0.24671307037896364	0.168600154679041	A
16	0.21094354215003866	0.028615622583139984	0.5798530549110595	0.18058778035576178	G
17	0.4317478731631864	0.14327146171693736	0.14211136890951276	0.2828692962103635	A
18	0.775908739365816	0.031129156999226606	0.05955143078112916	0.1334106728538283	A
19	0.16105955143078113	0.6249033255993813	0.0897138437741686	0.12432327919566899	C
20	0.6349574632637278	0.10846867749419954	0.06322505800464037	0.19334880123743234	A
XX
DE	Motif12	WAARYAAAYAAAAAAGAA	53518.87700356366
PO	A	C	G	T
1	0.4817188088955899	0.047304937806257066	0.022992838296268376	0.44798341500188466	W
2	0.5277044854881267	0.1383339615529589	0.23595929136826235	0.09800226159065209	A
3	0.5704862419901998	0.0	0.1377685638899359	0.2917451941198643	A
4	0.3136072370900867	0.01206181681115718	0.638333961552959	0.03599698454579721	R
5	0.02826988315114964	0.36128910667169245	1.8846588767433095E-4	0.6102525442894836	Y
6	0.9329061439879381	0.06709385601206182	0.0	0.0	A
7	0.9568413117225782	0.04278175650207312	1.8846588767433095E-4	1.8846588767433095E-4	A
8	0.9992461364493027	0.0	3.769317753486619E-4	3.769317753486619E-4	A
9	0.0	0.6307953260459856	0.0	0.36920467395401435	Y
10	0.9566528458349038	0.002638522427440633	0.0011307953260459858	0.0395778364116095	A
11	0.4317753486618922	0.1456841311722578	0.16377685638899359	0.2587636637768564	A
12	0.4330946098756125	0.15623822088202036	0.16660384470410855	0.24406332453825857	A
13	0.38937052393516774	0.1956275914059555	0.16245759517527328	0.25254428948360347	A
14	0.4888805126272145	0.1351300414624953	0.1601960045231813	0.21579344138710893	A
15	0.5269506219374294	0.05013192612137203	0.22936298529966076	0.1935544666415379	A
16	0.22314361100640784	0.029212212589521298	0.5601206181681115	0.1875235582359593	G
17	0.418582736524689	0.1449302676215605	0.1662269129287599	0.2702600829249906	A
18	0.7683754240482472	0.0	0.07802487749717302	0.15359969845457971	A
XX
DE	Motif13	AGWACANANTGTTCY	49034.12104313903
PO	A	C	G	T
1	0.562474395739451	0.0	0.25256042605489554	0.18496517820565342	A
2	0.039737812371978695	0.012699713232281851	0.8703400245800901	0.07722244981564932	G
3	0.3281442031954117	0.07394510446538304	0.08439164276935682	0.5135190495698484	W
4	0.8957394510446538	0.018844735764031135	0.043219991806636625	0.04219582138467841	A
5	0.03379762392462106	0.9006554690700532	0.03441212617779599	0.031134780827529702	C
6	0.8529291274068005	0.030520278574354773	0.031954117165096274	0.08459647685374846	A
7	0.2054485866448177	0.25256042605489554	0.24948791478902088	0.2925030725112659	N
8	0.40761982793936913	0.14195002048340843	0.1757476444080295	0.27468250716919296	A
9	0.29905776321179844	0.2834903727980336	0.23207701761573127	0.1853748463744367	N
10	0.24641540352314625	0.0	0.0	0.7535845964768537	T
11	0.007578861122490782	0.0	0.9924211388775093	0.0	G
12	0.13334698893895944	0.003482179434657927	0.0024580090126997134	0.8607128226136829	T
13	0.13273248668578452	0.18906185989348628	0.22040147480540762	0.4578041786153216	T
14	0.1734944694797214	0.5872593199508398	0.005735354362965997	0.23351085620647274	C
15	0.18353133961491191	0.33756657107742727	0.03461696026218763	0.4442851290454732	Y
XX
DE	Motif14	WAARYAAAYAAAAAAGAA	52698.07502419942
PO	A	C	G	T
1	0.5318902203324314	0.041553923463471205	0.014495554696559722	0.4120603015075377	W
2	0.5784692694240433	0.11712408194820255	0.2292230382682644	0.07518361035948976	A
3	0.6126787785079242	0.010436799381522999	0.14708156165442599	0.2298028604561268	A
4	0.38790104367993816	0.022033243138770777	0.5508310784692694	0.03923463471202165	R
5	0.03478933127174333	0.4420177812137611	1.9327406262079628E-4	0.5229996134518747	Y
6	0.9806725937379204	0.019327406262079627	0.0	0.0	A
7	0.9603788171627368	0.03884808658678005	0.0	7.730962504831851E-4	A
8	0.9994201778121377	0.0	5.798221878623889E-4	0.0	A
9	0.0	0.6532663316582915	0.006957866254348666	0.33977580208735986	Y
10	0.9650173946656359	0.0	0.0	0.03498260533436413	A
11	0.4547738693467337	0.1354851178971782	0.17607267104754543	0.23366834170854273	A
12	0.4574797062234248	0.15365287978353304	0.17413993042133746	0.21472748357170468	A
13	0.41457286432160806	0.1969462698105914	0.15887127947429455	0.22960958639350598	A
14	0.5102435253189022	0.135678391959799	0.14437572477773483	0.20970235794356398	A
15	0.549284885968303	0.047545419404715884	0.23115577889447236	0.1720139157325087	A
16	0.24507151140316968	0.026478546579049092	0.5506378044066487	0.1778121376111326	G
17	0.4205643602628527	0.14592191727870119	0.16834170854271358	0.26517201391573253	A
18	0.7299961345187476	0.04329339002705837	0.0726710475454194	0.15403942790877465	A
XX
DE	Motif15	AAAARYAAACAGAA	5448.018745659053
PO	A	C	G	T
1	0.41914893617021276	0.28085106382978725	0.10212765957446808	0.19787234042553192	A
2	0.6829787234042554	0.019148936170212766	0.002127659574468085	0.2957446808510638	A
3	0.7468085106382979	0.010638297872340425	0.20212765957446807	0.04042553191489362	A
4	0.7936170212765957	0.0	0.06808510638297872	0.13829787234042554	A
5	0.42127659574468085	0.03829787234042553	0.49361702127659574	0.04680851063829787	R
6	0.10638297872340426	0.4829787234042553	0.006382978723404255	0.40425531914893614	Y
7	1.0	0.0	0.0	0.0	A
8	1.0	0.0	0.0	0.0	A
9	1.0	0.0	0.0	0.0	A
10	0.0	1.0	0.0	0.0	C
11	1.0	0.0	0.0	0.0	A
12	0.0	0.0	1.0	0.0	G
13	0.5638297872340425	0.1127659574468085	0.1425531914893617	0.18085106382978725	A
14	0.5893617021276596	0.12340425531914893	0.10638297872340426	0.18085106382978725	A
XX
DE	Motif16	WWTATTTGYT	15966.200805593777
PO	A	C	G	T
1	0.444515306122449	0.11288265306122448	0.061224489795918366	0.38137755102040816	W
2	0.4292091836734694	0.08163265306122448	0.09630102040816327	0.39285714285714285	W
3	0.0	0.0	0.0	1.0	T
4	1.0	0.0	0.0	0.0	A
5	0.0	0.0	0.0	1.0	T
6	0.0	0.0	0.0	1.0	T
7	0.0	0.0	0.0	1.0	T
8	0.0	0.0	1.0	0.0	G
9	0.08099489795918367	0.3947704081632653	0.03316326530612245	0.49107142857142855	Y
10	0.2461734693877551	0.08099489795918367	0.039540816326530615	0.6332908163265306	T
XX
DE	Motif17	CMAATAAAAAW	8288.290593229514
PO	A	C	G	T
1	0.2089171974522293	0.4713375796178344	0.0840764331210191	0.2356687898089172	C
2	0.47006369426751593	0.35668789808917195	0.0	0.1732484076433121	M
3	1.0	0.0	0.0	0.0	A
4	1.0	0.0	0.0	0.0	A
5	0.0	0.0	0.0	1.0	T
6	1.0	0.0	0.0	0.0	A
7	1.0	0.0	0.0	0.0	A
8	1.0	0.0	0.0	0.0	A
9	1.0	0.0	0.0	0.0	A
10	0.3643312101910828	0.2878980891719745	0.061146496815286625	0.28662420382165604	A
11	0.4050955414012739	0.07898089171974522	0.12738853503184713	0.3885350318471338	W
XX
DE	Motif18	AAAARYAAACAGAAA	5617.507305690657
PO	A	C	G	T
1	0.45109780439121755	0.18363273453093812	0.14171656686626746	0.22355289421157684	A
2	0.590818363273453	0.08383233532934131	0.03992015968063872	0.28542914171656686	A
3	0.6367265469061876	0.013972055888223553	0.26147704590818366	0.08782435129740519	A
4	0.5948103792415169	0.01996007984031936	0.15768463073852296	0.2275449101796407	A
5	0.4471057884231537	0.033932135728542916	0.4471057884231537	0.0718562874251497	R
6	0.23353293413173654	0.37524950099800397	0.029940119760479042	0.36127744510978044	Y
7	1.0	0.0	0.0	0.0	A
8	0.7485029940119761	0.2435129740518962	0.007984031936127744	0.0	A
9	1.0	0.0	0.0	0.0	A
10	0.0	1.0	0.0	0.0	C
11	1.0	0.0	0.0	0.0	A
12	0.0	0.0	1.0	0.0	G
13	1.0	0.0	0.0	0.0	A
14	0.5469061876247505	0.07784431137724551	0.26147704590818366	0.11377245508982035	A
15	0.47105788423153694	0.18363273453093812	0.1157684630738523	0.22954091816367264	A
XX
DE	Motif19	GWACANAATGTTCYT	47271.37683171663
PO	A	C	G	T
1	0.20013009540329574	0.018430182133564614	0.6127493495229835	0.16869037294015612	G
2	0.4163052905464007	0.15047701647875109	0.11816999132697312	0.3150477016478751	W
3	0.8441023417172593	0.010190806591500434	0.045099739809193407	0.10060711188204684	A
4	0.01756287944492628	0.9054640069384216	0.03642671292281006	0.040546400693842154	C
5	0.8575455333911535	0.002385082393755421	0.003035559410234172	0.1370338248048569	A
6	0.27471812662619255	0.2766695576756288	0.2792714657415438	0.16934084995663487	N
7	0.6983954900260191	0.16500433651344318	0.13638334778837816	2.168256721595837E-4	A
8	0.4173894189071986	0.2565047701647875	0.21075455333911536	0.11535125758889853	A
9	0.2031656548135299	0.005854293148308759	0.011491760624457935	0.7794882914137033	T
10	6.504770164787511E-4	0.0	0.9993495229835212	0.0	G
11	0.03469210754553339	0.0	0.0	0.9653078924544666	T
12	0.26257588898525586	0.1528620988725065	0.14028620988725066	0.444275802254987	T
13	0.11600173460537727	0.71877710320902	0.003686036426712923	0.16153512575888984	C
14	0.14570685169124023	0.3313096270598439	0.01886383347788378	0.5041196877710321	Y
15	0.20403295750216827	0.19622723330442324	0.14137033824804857	0.45836947094535996	T
XX
DE	Motif20	RGAACANAAWGTAC	54149.0043801948
PO	A	C	G	T
1	0.6286140645401977	0.0	0.3245663122551763	0.046819623204626	R
2	0.07013616862525648	0.0	0.9259466517440776	0.00391717963066592	G
3	0.5737735497108748	0.10240626748740907	0.09326618168252192	0.2305540011191942	A
4	0.9979481440029845	0.0	0.001119194180190263	9.326618168252192E-4	A
5	0.0	0.9736989367655288	0.02630106323447118	0.0	C
6	0.9522477149785488	0.0	7.461294534601753E-4	0.047006155567991044	A
7	0.23297892184293975	0.23932102219735124	0.2562954672635702	0.27140458869613876	N
8	0.41335571721693715	0.14792016414847975	0.1604178324939377	0.2783062861406454	A
9	0.3098302555493378	0.2831561275881365	0.23353851893303487	0.17347509792949076	A
10	0.3387427718709196	0.017347509792949075	0.0348815519492632	0.6090281663868681	W
11	0.0969968289498228	0.018093639246409252	0.884909531803768	0.0	G
12	0.2033202760678978	0.06565939190449543	0.038985263943294164	0.6920350680843126	T
13	0.3609401231113598	0.17608655101660137	0.17776534228688678	0.28520798358515204	A
14	0.2602126468942362	0.4971087483678418	0.014922589069203508	0.22775601566871853	C
XX
DE	Motif21	ARGAACAKTNTGTWC	47609.76551234431
PO	A	C	G	T
1	0.4924275205538728	0.12224145391605365	0.1903937689311986	0.19493725659887495	A
2	0.5298572046733016	0.0015144958892254435	0.3615318044136737	0.10709649502379923	R
3	0.13695369969710083	0.0	0.7650367806144526	0.09800951968844655	G
4	0.46278667243617483	0.1343574210298572	0.14344439636520986	0.25941151016875813	A
5	0.9601903937689312	0.0	0.0	0.0398096062310688	A
6	0.0	1.0	0.0	0.0	C
7	0.8113370835136304	0.0	0.0	0.18866291648636954	A
8	0.13543920380787539	0.19255733448723497	0.3109043704024232	0.3610990913024665	K
9	0.03569883167459974	0.10125486802250108	0.21981826049329295	0.6432280398096062	T
10	0.22284725227174385	0.24643011683254	0.27650367806144527	0.2542189528342709	N
11	0.1858502812635223	0.028775421895283426	0.0	0.7853742968411943	T
12	0.05646906101254868	0.044785807009952404	0.8896581566421462	0.009086975335352661	G
13	0.1001730852444829	0.04110774556469061	0.0	0.8587191691908265	T
14	0.31306793595845955	0.13219385547382087	0.1655127650367806	0.38922544353093896	W
15	0.18109043704024233	0.5977931631328429	0.016659454781479878	0.20445694504543488	C
XX
DE	Motif22	RYAAATATTTAT	5651.3414555591235
PO	A	C	G	T
1	0.30416666666666664	0.027083333333333334	0.5166666666666667	0.15208333333333332	R
2	0.00625	0.6395833333333333	0.0	0.3541666666666667	Y
3	1.0	0.0	0.0	0.0	A
4	1.0	0.0	0.0	0.0	A
5	1.0	0.0	0.0	0.0	A
6	0.0	0.0	0.0	1.0	T
7	1.0	0.0	0.0	0.0	A
8	0.0	0.0	0.0	1.0	T
9	0.0	0.0	0.0	1.0	T
10	0.05	0.0	0.2	0.75	T
11	0.5791666666666667	0.010416666666666666	0.2875	0.12291666666666666	A
12	0.15416666666666667	0.20416666666666666	0.07083333333333333	0.5708333333333333	T
XX
DE	Motif23	AARGAACANAAWGT	45625.102976754955
PO	A	C	G	T
1	0.48241317898486197	0.19456812110418523	0.13757791629563668	0.18544078361531613	A
2	0.5765805877114871	0.1467052537845058	0.1680765805877115	0.10863757791629564	A
3	0.6838824577025824	0.0	0.3058771148708816	0.010240427426536063	R
4	0.029385574354407838	0.0	0.9521371326803205	0.018477292965271595	G
5	0.5719056099732859	0.0854853072128228	0.07569011576135352	0.26691896705253787	A
6	0.998886910062333	0.0	0.0	0.0011130899376669634	A
7	0.0091273374888691	0.9908726625111309	0.0	0.0	C
8	0.9601513802315227	0.0	0.0	0.03984861976847729	A
9	0.21260017809439002	0.2531166518254675	0.2747105966162066	0.25957257346393586	N
10	0.42297417631344614	0.1340160284951024	0.14559216384683882	0.29741763134461263	A
11	0.3250222617987533	0.27916295636687444	0.22729296527159396	0.16852181656277826	A
12	0.31455921638468387	0.02782724844167409	0.023597506678539625	0.6340160284951024	W
13	0.11308993766696349	0.026936776491540516	0.8504007123775601	0.009572573463935885	G
14	0.1832146037399822	0.07146037399821906	0.03784505788067676	0.707479964381122	T
XX
DE	Motif24	WAWGYAAAYAAAAAA	52284.10791518614
PO	A	C	G	T
1	0.4888558692421991	0.03547548291233284	0.0035289747399702824	0.47213967310549776	W
2	0.5267459138187222	0.1313150074294205	0.24647102526002973	0.09546805349182763	A
3	0.5505200594353641	0.0	0.11979940564635959	0.32968053491827637	W
4	0.26040118870728085	0.0	0.7301263001485884	0.009472511144130757	G
5	0.015230312035661218	0.33915304606240715	0.0	0.6456166419019317	Y
6	0.937964338781575	0.062035661218424965	0.0	0.0	A
7	0.9483655274888558	0.05163447251114413	0.0	0.0	A
8	1.0	0.0	0.0	0.0	A
9	0.0	0.6324294205052006	0.0	0.36757057949479943	Y
10	0.9842124814264487	0.0	0.0	0.015787518573551262	A
11	0.4325780089153046	0.14431649331352153	0.1636329866270431	0.2594725111441308	A
12	0.4474368499257058	0.14580237741456167	0.16883358098068352	0.23792719167904902	A
13	0.3712852897473997	0.19520802377414562	0.17347696879643387	0.2600297176820208	A
14	0.4933135215453195	0.12964338781575038	0.13781575037147104	0.23922734026745915	A
15	0.5107726597325408	0.05962109955423477	0.21099554234769688	0.2186106983655275	A
XX
DE	Motif25	AAAARTAAACAMAAA	26668.919353808193
PO	A	C	G	T
1	0.45858301022206555	0.1913993655269651	0.1283045470567501	0.22171307719421923	A
2	0.49876630243214665	0.14945364821995066	0.075079309129362	0.2767007402185407	A
3	0.8184702150158618	0.07190694395488191	0.05146281283045471	0.058160028198801554	A
4	0.7292915051110328	0.01515685583362707	0.049347902714134646	0.2062037363412055	A
5	0.5812477969686288	0.03137116672541417	0.32534367289390204	0.062037363412054986	R
6	0.23898484314416638	0.29996475149806134	0.12583715192104336	0.3352132534367289	T
7	0.8022559041240748	0.0	0.19774409587592529	0.0	A
8	0.9344377863940783	0.028903771589707437	0.0035248501938667607	0.03313359182234755	A
9	0.9636940430031724	7.049700387733521E-4	0.030666196686640817	0.004934790271413465	A
10	0.03806838209376102	0.8829749735636235	0.009517095523440254	0.06943954881917519	C
11	0.9957701797673599	7.049700387733521E-4	0.0	0.0035248501938667607	A
12	0.35988720479379627	0.5051110327811068	0.08494888967218893	0.050052872752908	M
13	0.9323228762777582	0.016566795911173774	0.0017624250969333803	0.049347902714134646	A
14	0.3683468452590765	0.18893197039125836	0.2590764892492069	0.18364469510045822	A
15	0.4832569615791329	0.1265421219598167	0.1223123017271766	0.2678886147338738	A
XX
