DE	Motif_clust1	TTCTTTTTTRTTTRYTTW	54729.54898315189
PO	A	C	G	T
1	0.1733677609738104	0.08262633714496495	0.04297307266691258	0.7010328292143121	T
2	0.27222427148653633	0.17705643673921062	0.1466248616746588	0.4040944300995942	T
3	0.20158613057912209	0.518258945038731	0.03744005901881225	0.24271486536333456	C
4	0.1982663223902619	0.23293987458502396	0.058096643305053486	0.5106971597196607	T
5	0.2231648838067134	0.15621541866469937	0.12781261527111767	0.49280708225746955	T
6	0.25765400221320545	0.16101069715971966	0.19586868314275174	0.38546661748432315	T
7	0.24068609369236443	0.17226115824419033	0.1519734415344891	0.4350793065289561	T
8	0.2700110660272962	0.15769088897085945	0.14367392106233862	0.4286241239395057	T
9	0.01770564367392106	0.002028771670970122	0.0	0.9802655846551088	T
10	0.3965326447805238	0.0012910365178900774	0.6021763187015862	0.0	R
11	0.0	0.0	0.0	1.0	T
12	0.0	0.0	0.029140538546661748	0.9708594614533382	T
13	0.0	0.0	0.06086315012910365	0.9391368498708963	T
14	0.585023976392475	0.0	0.40243452600516416	0.012541497602360752	R
15	0.04057543341940244	0.5971966064182959	0.0	0.36222796016230174	Y
16	0.2585761711545555	0.149760236075249	0.0	0.5916635927701955	T
17	0.0900036886757654	0.23091110291405387	0.13924751014385836	0.5398376982663224	T
18	0.4345260051641461	0.013279232755440797	0.04979712283290299	0.5023976392475101	W
XX
DE	Motif_clust2	RGAACANAAWGTAC	54149.0043801948
PO	A	C	G	T
1	0.6286140645401977	0.0	0.3245663122551763	0.046819623204626	R
2	0.07013616862525648	0.0	0.9259466517440776	0.00391717963066592	G
3	0.5737735497108748	0.10240626748740907	0.09326618168252192	0.2305540011191942	A
4	0.9979481440029845	0.0	0.001119194180190263	9.326618168252192E-4	A
5	0.0	0.9736989367655288	0.02630106323447118	0.0	C
6	0.9522477149785488	0.0	7.461294534601753E-4	0.047006155567991044	A
7	0.23297892184293975	0.23932102219735124	0.2562954672635702	0.27140458869613876	N
8	0.41335571721693715	0.14792016414847975	0.1604178324939377	0.2783062861406454	A
9	0.3098302555493378	0.2831561275881365	0.23353851893303487	0.17347509792949076	A
10	0.3387427718709196	0.017347509792949075	0.0348815519492632	0.6090281663868681	W
11	0.0969968289498228	0.018093639246409252	0.884909531803768	0.0	G
12	0.2033202760678978	0.06565939190449543	0.038985263943294164	0.6920350680843126	T
13	0.3609401231113598	0.17608655101660137	0.17776534228688678	0.28520798358515204	A
14	0.2602126468942362	0.4971087483678418	0.014922589069203508	0.22775601566871853	C
XX
DE	Motif_clust3	WWTATTTGYT	15966.200805593777
PO	A	C	G	T
1	0.444515306122449	0.11288265306122448	0.061224489795918366	0.38137755102040816	W
2	0.4292091836734694	0.08163265306122448	0.09630102040816327	0.39285714285714285	W
3	0.0	0.0	0.0	1.0	T
4	1.0	0.0	0.0	0.0	A
5	0.0	0.0	0.0	1.0	T
6	0.0	0.0	0.0	1.0	T
7	0.0	0.0	0.0	1.0	T
8	0.0	0.0	1.0	0.0	G
9	0.08099489795918367	0.3947704081632653	0.03316326530612245	0.49107142857142855	Y
10	0.2461734693877551	0.08099489795918367	0.039540816326530615	0.6332908163265306	T
XX
DE	Motif_clust4	CMAATAAAAAW	8288.290593229514
PO	A	C	G	T
1	0.2089171974522293	0.4713375796178344	0.0840764331210191	0.2356687898089172	C
2	0.47006369426751593	0.35668789808917195	0.0	0.1732484076433121	M
3	1.0	0.0	0.0	0.0	A
4	1.0	0.0	0.0	0.0	A
5	0.0	0.0	0.0	1.0	T
6	1.0	0.0	0.0	0.0	A
7	1.0	0.0	0.0	0.0	A
8	1.0	0.0	0.0	0.0	A
9	1.0	0.0	0.0	0.0	A
10	0.3643312101910828	0.2878980891719745	0.061146496815286625	0.28662420382165604	A
11	0.4050955414012739	0.07898089171974522	0.12738853503184713	0.3885350318471338	W
XX
DE	Motif_clust5	RYAAATATTTAT	5651.3414555591235
PO	A	C	G	T
1	0.30416666666666664	0.027083333333333334	0.5166666666666667	0.15208333333333332	R
2	0.00625	0.6395833333333333	0.0	0.3541666666666667	Y
3	1.0	0.0	0.0	0.0	A
4	1.0	0.0	0.0	0.0	A
5	1.0	0.0	0.0	0.0	A
6	0.0	0.0	0.0	1.0	T
7	1.0	0.0	0.0	0.0	A
8	0.0	0.0	0.0	1.0	T
9	0.0	0.0	0.0	1.0	T
10	0.05	0.0	0.2	0.75	T
11	0.5791666666666667	0.010416666666666666	0.2875	0.12291666666666666	A
12	0.15416666666666667	0.20416666666666666	0.07083333333333333	0.5708333333333333	T
XX
