DE	Motif1	WAAGYAAAYAAAAAAGAACA	83691.98687604882
PO	A	C	G	T
1	0.49046125470953644	0.09071509605252522	0.0	0.4188236492379383	W
2	0.49875137752953547	0.1459916961587113	0.24375050883792548	0.11150641747382767	A
3	0.527543195690183	0.0	0.18453657699312928	0.28792022731668776	A
4	0.29969586290523875	0.03380190918730916	0.590491493309856	0.07601073459759597	G
5	0.07284929019338493	0.3733668833126036	0.0358078216239453	0.5179760048700662	Y
6	0.8506515435312361	0.10678108034599568	0.023610109497977306	0.018957266624790997	A
7	0.8196952396161145	0.15993299625403445	0.004128574132475571	0.016243189997375465	A
8	0.9603584330626181	0.0018129277037046505	0.027942514559936113	0.00988612467374112	A
9	0.0	0.6572559614232234	0.03639383233342976	0.3063502062433469	Y
10	0.8789754321650128	0.021401823695709202	0.01724024162886939	0.08238250251040846	A
11	0.38924745934050536	0.16051489874274222	0.21362484635149168	0.23661279556526077	A
12	0.389048346711118	0.17118349385604759	0.17405151196386007	0.26571664746897444	A
13	0.3641239547511042	0.19129886930949788	0.2192553681599797	0.22532180777941818	A
14	0.44116199417561164	0.15082612849949084	0.1535006656824598	0.2545112116424378	A
15	0.46146956538594347	0.08144131624379973	0.261108468071114	0.19598065029914277	A
16	0.22833882827326735	0.08812948531966669	0.4590730192406952	0.22445866716637072	G
17	0.37531578066862825	0.15964552247612734	0.18354928181992236	0.2814894150353222	A
18	0.6118110542829119	0.10253116290337587	0.10405083389603192	0.18160694891768023	A
19	0.21698633793683478	0.48747555439273244	0.11998548409271748	0.17555262357771528	C
20	0.4951417777636674	0.1866577553752467	0.1080622632060528	0.210138203655033	A
XX
DE	Motif2	WAAAARAACAAAGWGTWCTT	67934.78684083185
PO	A	C	G	T
1	0.3391106865034996	0.15965304263407126	0.1864663558937022	0.3147699149687271	W
2	0.38459619011921714	0.19026023444531412	0.19026343205108953	0.23488014338437913	A
3	0.367744453181214	0.15685829447444943	0.1900690380835746	0.2853282142607619	A
4	0.37202839548816696	0.13665886317862755	0.2778574716839465	0.213455269649259	A
5	0.41895689572509653	0.07402029020303925	0.23962273178554527	0.26740008228631906	A
6	0.3407775170052425	0.06734929167058558	0.49576842154699524	0.09610476977717665	R
7	0.542501260407519	0.16818361579923807	0.10624693993322784	0.1830681838600152	A
8	0.866092874310841	0.014407212819998747	0.0901818402921653	0.029318072576995004	A
9	0.0	0.9769497792427082	0.0015433733531293545	0.021506847404162605	C
10	0.957114787201408	0.011620525205200502	0.0027825949334699045	0.028482092659921417	A
11	0.3850869693739187	0.16381595980728633	0.26338877832479635	0.18770829249399867	A
12	0.45499383429513457	0.0	0.2623421463356291	0.28266401936923635	A
13	0.23529057788177607	0.23645158285782397	0.33471491746999243	0.1935429217904075	G
14	0.3712970228412372	0.11313885439792881	0.08666605709196898	0.4288980656688649	W
15	0.2064627225805986	0.1305515726783924	0.5253637197100784	0.1376219850309305	G
16	0.24478304669217238	0.1332241417959575	0.11216168103300556	0.5098311304788645	T
17	0.35439834284143995	0.17590100372804812	0.15152204313208145	0.3181786102984305	W
18	0.2537022950100814	0.4469425333829786	0.1034448658585698	0.19591030574837012	C
19	0.2724938273487395	0.28396260780327875	0.08905003807763172	0.35449352677035	T
20	0.2755309605663875	0.1962458692601386	0.1835061913298281	0.3447169788436457	T
XX
DE	Motif3	AGYAMAYANWGWNANA	66283.6422745304
PO	A	C	G	T
1	0.5669648414694445	0.022362466326875434	0.23363139478664893	0.1770412974170311	A
2	0.21893193273409753	0.07362322023044811	0.5740303280447271	0.13341451899072726	G
3	0.14442527526952512	0.39877886787242134	0.09287742505237252	0.36391843180568106	Y
4	0.9154905802898438	0.0714958905364426	1.0132269962997027E-4	0.012912206474083601	A
5	0.5975367604310766	0.37447998201697574	0.0278819348523176	1.0132269962997208E-4	M
6	0.9093925109668503	0.008090712400292964	0.07837247766880673	0.004144298964049947	A
7	0.0	0.44779237408117356	0.12970990416053438	0.42249772175829203	Y
8	0.805682529799783	0.04165515083171666	0.12125216691342074	0.03141015245507966	A
9	0.26588885029634635	0.21095268120518615	0.2592307551136037	0.2639277133848637	N
10	0.30263958704888383	0.13428546387017337	0.1411933489392439	0.421881600141699	W
11	0.25760859109093187	0.17465089612430873	0.362566240607353	0.20517427217740636	G
12	0.31695563298346285	0.15341470840105495	0.15357682920779936	0.37605282940768286	W
13	0.28056604626568693	0.23544548815450358	0.18445702810230968	0.2995314374774998	N
14	0.3218685461356266	0.257154562717195	0.16010533747450212	0.26087155367267634	A
15	0.26743271921143996	0.26434672872145454	0.19830603856619466	0.26991451350091095	N
16	0.4164635028781151	0.18571726792549673	0.1428755240867955	0.25494370510959263	A
XX
DE	Motif4	AAAAGAACAAANWGTACYTAA	69530.00865745753
PO	A	C	G	T
1	0.35098532272447636	0.2097973598778748	0.18429417205133	0.2549231453463188	A
2	0.37585946894726724	0.18368094915238134	0.16488867136208304	0.2755709105382684	A
3	0.40437631854023304	0.1594139913546938	0.23889631125783928	0.19731337884723396	A
4	0.474737224043366	0.03429671812650401	0.2711139140024914	0.21985214382763837	A
5	0.22685736758680097	0.05766626069241994	0.6264640479695784	0.08901232375120058	G
6	0.5228612194961779	0.1085253717133267	0.12929198593095673	0.23932142285953859	A
7	0.8500168327640208	0.014332484876716662	0.09327786880261534	0.04237281355664714	A
8	0.0	0.9854394473251901	0.0021843145918181654	0.012376238082991764	C
9	0.938799874844672	0.009144157486633064	0.0074741849898504915	0.04458178267884452	A
10	0.3048191948379523	0.23276150788807803	0.25420801191167564	0.20821128536229397	A
11	0.4780450856473265	0.10995640175935739	0.19805678807781918	0.2139417245154969	A
12	0.287938982660975	0.2646880595392799	0.25764317153363586	0.1897297862661093	N
13	0.38851478263038847	0.09614128888054786	0.08871787161466185	0.4266260568744018	W
14	0.16829906373397593	0.1242084272932775	0.58953735416773	0.11795515480501659	G
15	0.26025562415721176	0.08488065025710163	0.09889554012766942	0.5559681854580172	T
16	0.33511656335900974	0.17197662140130177	0.1949812955228487	0.2979255197168397	A
17	0.2623850897921028	0.4996924594405931	0.06968780474131817	0.16823464602598603	C
18	0.252305159297397	0.31538165145641706	0.05621632969133054	0.3760968595548554	Y
19	0.2861596724471122	0.14856220720623256	0.1790204222291767	0.3862576981174785	T
20	0.3002962885981158	0.1781050642296026	0.233737972190814	0.2878606749814676	A
21	0.3164541718562977	0.20553330943228224	0.19147406545870357	0.2865384532527166	A
XX
DE	Motif5	ANAAARYAMACATTGTNWNA	63610.669845055316
PO	A	C	G	T
1	0.3241656743140838	0.1680143691177656	0.2707176497584254	0.2371023068097253	A
2	0.2598820438391221	0.2722235834631482	0.20782215838049334	0.26007221431723626	N
3	0.3681664191063061	0.21394785190662385	0.13185818040917938	0.28602754857789064	A
4	0.41176833986022265	0.2633163838875748	0.15864720401994672	0.1662680722322558	A
5	0.5980599725942983	0.08690442680708176	0.13939082094654104	0.1756447796520788	A
6	0.46239033217033343	0.013707330905164737	0.4800256365495928	0.04387670037490909	R
7	0.0	0.3433098230086157	0.0659480791487489	0.5907420978426354	Y
8	0.8634841841900323	0.07210828296074388	0.062151238625109136	0.002256294224114663	A
9	0.6828974634186822	0.3025532412073451	0.01434364356931854	2.056518046542113E-4	M
10	0.8991614544078532	0.019978787054493196	0.06058798227220689	0.02027177626544671	A
11	0.13126408219743682	0.4597465936080748	0.16936688234556452	0.239622441848924	C
12	0.6985141653691009	0.09749785291505095	0.054092903283729246	0.1498950784321188	A
13	0.19804637286164603	0.2154143835043587	0.2617946290799182	0.324744614554077	T
14	0.26520810316449295	0.1414245352682326	0.17664950518750916	0.4167178563797653	T
15	0.2601824589494244	0.1481778931592726	0.3271966449780437	0.2644430029132593	G
16	0.2815558106824886	0.1747862913163723	0.18582158450198186	0.3578363134991573	T
17	0.2952036327358015	0.23266496968221242	0.21379229560823584	0.25833910197375015	N
18	0.3240565580227113	0.22134623891649094	0.14520802962990365	0.309389173430894	W
19	0.284269553980089	0.21746717389550574	0.20020152159068935	0.298061750533716	N
20	0.3076823057271224	0.25087319525856605	0.1784935425751764	0.2629509564391352	A
XX
DE	Motif6	AWTWWAAARGAACANANWGTWC	70131.67882642064
PO	A	C	G	T
1	0.39210727222934494	0.17932226649749453	0.16201442143408015	0.2665560398390804	A
2	0.3535428720352954	0.1801783948609531	0.1497294384668474	0.316549294636904	W
3	0.2647780922220553	0.22041884839615963	0.16846608365341686	0.34633697572836825	T
4	0.34104109613254363	0.1290954199999373	0.1572158929727339	0.37264759089478533	W
5	0.32094320676082827	0.14703477522448358	0.22258146287413133	0.3094405551405569	W
6	0.3307122867335846	0.22330497755115364	0.18361485290585944	0.26236788280940226	A
7	0.3666903702739633	0.2261438903797839	0.13981642591470156	0.2673493134315512	A
8	0.4572336525555336	0.14840482923600296	0.19413438614756728	0.2002271320608961	A
9	0.5291606319481099	0.0034366335775356093	0.34275518255085513	0.12464755192349943	R
10	0.14203363494192658	0.034981359209454596	0.7288596704531604	0.0941253353954584	G
11	0.44640206364810375	0.18338338386819633	0.15337526301067456	0.21683928947302542	A
12	0.8640151508807896	0.01248960964592161	0.03936311700608956	0.0841321224671994	A
13	0.07570335926746737	0.7732710258577576	0.11916522479653999	0.03186039007823487	C
14	0.7449694877563049	0.028134735993412745	0.07284280958124882	0.15405296666903354	A
15	0.20743467698537832	0.24228827360923974	0.2629917785821553	0.2872852708232266	N
16	0.36615803904686856	0.17851669194661993	0.17193793570813337	0.2833873332983782	A
17	0.2955934151300278	0.2753885199020014	0.23434856378414393	0.1946695011838268	N
18	0.3344026947211142	0.0	0.07125612824240854	0.5943411770364774	W
19	0.17316866953374754	0.0	0.8268313304662525	0.0	G
20	0.21250371999969578	0.1134516218985779	0.10032370322520232	0.5737209548765241	T
21	0.3484394797042633	0.18390068651988803	0.1597477628318978	0.30791207094395084	W
22	0.24938651815370144	0.4901750365743003	0.0455145673733571	0.21492387789864112	C
XX
DE	Motif7	TWANAAARYAMACATTGT	64348.49362017831
PO	A	C	G	T
1	0.2953077802537482	0.18139001902848073	0.214675006195347	0.3086271945224241	T
2	0.3442136107887912	0.16287804121889168	0.18933961070947689	0.3035687372828403	W
3	0.33983389436529227	0.17311956946043106	0.24194323365668854	0.24510330251758805	A
4	0.26803261042268106	0.27605382297951425	0.20593853941563467	0.24997502718216996	N
5	0.3759430996013215	0.21541892480337216	0.12413658376096191	0.2845013918343444	A
6	0.401978022149679	0.2652416626250806	0.16596488695914072	0.16681542826609969	A
7	0.5933149908365126	0.08460312052287781	0.14762814136703714	0.17445374727357235	A
8	0.45915674403553763	0.012053746425600859	0.48806226280111115	0.04072724673775037	R
9	0.0	0.3583706981970901	0.06817478780633715	0.5734545139965727	Y
10	0.8900429854620802	0.07004071237047817	0.03991630216744176	0.0	A
11	0.6602026270507999	0.3267311246414293	0.012965293203592661	1.0095510417819688E-4	M
12	0.9002705861696291	0.01819835514484369	0.06456472715440788	0.016966331531119337	A
13	0.12914984567085053	0.44083662135498425	0.18122561580321336	0.24878791717095192	C
14	0.6644768230214384	0.10099549096928154	0.06527371640354827	0.16925396960573172	A
15	0.20733495569250615	0.21212126363536374	0.262557192561856	0.3179865881102741	T
16	0.2527505191751841	0.14223793384059366	0.16702915185317563	0.4379823951310466	T
17	0.23572474336755003	0.1383494763317382	0.3535794458853613	0.2723463344153504	G
18	0.2565383290316553	0.1778038673671393	0.1851463149710235	0.380511488630182	T
XX
DE	Motif8	GAACACAGT	32896.22195285121
PO	A	C	G	T
1	0.27585095208752974	0.09088370836250438	0.4315383478017769	0.20172699174818895	G
2	0.37224000991642486	0.19869077350537923	0.15124352363879529	0.27782569293940074	A
3	1.0	0.0	0.0	0.0	A
4	0.0	1.0	0.0	0.0	C
5	0.9446733055203277	0.0	0.05532669447967232	0.0	A
6	0.0	1.0	0.0	0.0	C
7	0.9041893533650838	0.0	0.09581064663491635	0.0	A
8	0.24880360883854033	0.1592545457868875	0.37437885984098096	0.21756298553359116	G
9	0.2994298632476615	0.14777079360498394	0.15629057833167193	0.3965087648156826	T
XX
DE	Motif9	AANACWNTGTKTACTT	67161.44448451693
PO	A	C	G	T
1	0.32682614931079834	0.17453671930404624	0.2398860294086372	0.2587511019765182	A
2	0.3142507119778184	0.13504640751489658	0.252946161462981	0.29775671904430395	A
3	0.26001823581865285	0.2500810717570618	0.20792081858615277	0.28197987383813256	N
4	0.40184351261342355	0.13666087294723725	0.17219801270376686	0.2892976017355723	A
5	0.21042502827593798	0.38852337640206597	0.1454353342973607	0.25561626102463536	C
6	0.4000968452666657	0.14821564665137038	0.12804025474417763	0.3236472533377863	W
7	0.23843218438152486	0.2822262562888337	0.19830580236603232	0.2810357569636091	N
8	0.09014777717819299	0.010191326319141837	0.01929726502759806	0.880363631475067	T
9	0.20308339304165648	0.0997402442119706	0.6971763627463728	0.0	G
10	0.014776134123034348	0.07506645956388446	0.009961470492774623	0.9001959358203065	T
11	0.001511997290342142	0.011973632487629508	0.36394083466908994	0.6225735355529384	K
12	0.02341933717886574	0.09434050557621683	0.11991634489014302	0.7623238123547743	T
13	0.47080108505313756	0.1361185335830792	0.259151815178357	0.13392856618542634	A
14	0.1316193486973432	0.6050218009811633	0.0	0.2633588503214936	C
15	0.28933326228184514	0.2317260302291125	0.0356935535257624	0.4432471539632799	T
16	0.19240699382700446	0.21980240150769437	0.1744585537256021	0.41333205093969916	T
XX
DE	Motif10	ATAACATTRTKTRCTTW	67533.53973870327
PO	A	C	G	T
1	0.34325361907275204	0.1706187738448261	0.2360965090071538	0.25003109807526813	A
2	0.270466572826398	0.13077452470668685	0.2985945671082655	0.3001643353586496	T
3	0.31491959046605483	0.18194086989061686	0.22539672133410849	0.2777428183092199	A
4	0.4038524063158512	0.15751905165907423	0.16306561065262426	0.27556293137245036	A
5	0.2015638682060476	0.41061593005363584	0.1389182378966576	0.24890196384365906	C
6	0.41676119355779156	0.14184791483640105	0.15454118028878536	0.28684971131702197	A
7	0.252550600177645	0.2500862264779613	0.19700637808631652	0.3003567952580772	T
8	0.11276136273122873	0.09018913670470018	0.06442445422013827	0.7326250463439328	T
9	0.3540746990370395	0.17636045191057936	0.4507178996079109	0.01884694944447014	R
10	0.007422312497305602	0.03770685722338731	0.023226822585217827	0.9316440076940893	T
11	0.0	0.009397350955460265	0.44644411152651065	0.544158537518029	K
12	0.007099801048996092	2.9764738646766636E-4	0.13242501819326336	0.860177533371273	T
13	0.49588005454594836	0.07292959041237039	0.3666213202285951	0.06456903481308623	R
14	0.1044449761859266	0.677940889138097	0.0	0.21761413467597632	C
15	0.2858059685519619	0.22051379274000263	0.022067734999068674	0.47161250370896696	T
16	0.18007817972783807	0.23980942420547227	0.20200751421376073	0.37810488185292895	T
17	0.3413440675209502	0.12439449368589232	0.14853158889400825	0.3857298498991493	W
XX
DE	Motif11	WAARTRAACATT	68334.39079026716
PO	A	C	G	T
1	0.40221626899678786	0.132169568804651	0.14017956505784812	0.32543459714071304	W
2	0.44705312524128626	0.1801479189981286	0.1893603758437574	0.18343857991682777	A
3	0.40233605857688676	0.11131157057951677	0.18976916014492534	0.29658321069867105	A
4	0.33423506739312475	0.0723122897474889	0.41070977762749095	0.18274286523189553	R
5	0.2951005006128923	0.20142574639889602	0.18251327000023002	0.32096048298798163	T
6	0.5737984428855073	0.06508333184563028	0.3231662682589132	0.0379519570099493	R
7	0.6983542099329916	0.2234297489649026	0.03683561990012138	0.041380421201984326	A
8	0.9364302107849687	6.951623814976469E-4	0.05443115578582872	0.00844347104770499	A
9	0.0	0.985725277235394	0.010450778911602994	0.003823943853002954	C
10	0.9583871364611675	0.013621007623017605	0.006207556496344775	0.021784299419470295	A
11	0.23341713222742458	0.13817794976650596	0.29760555118600246	0.3307993668200671	T
12	0.2619421669509557	0.1752842804401456	0.17774206309015064	0.38503148951874805	T
XX
DE	Motif12	WAWGTAMAYANWGTTNT	67396.64622760384
PO	A	C	G	T
1	0.36914035767484205	0.16112869731109672	0.1198584283289698	0.34987251668509145	W
2	0.3885591013027675	0.20261690107337482	0.21264829799868595	0.19617569962517176	A
3	0.4495046275505372	0.012224341215557783	0.22913682963379853	0.3091342016001065	W
4	0.1573771315260163	0.02565231900847362	0.7191667990347876	0.09780375043072248	G
5	0.17847089105162967	0.2968601047442577	0.09292118254742365	0.43174782165668907	T
6	0.8312812694287062	0.1348483000021335	0.011762233619108952	0.02210819695005149	A
7	0.5229843067243546	0.4543681217524795	0.02101806200139276	0.0016295095217731795	M
8	0.8774235201004658	0.020963584494128	0.06023362255610335	0.0413792728493028	A
9	0.0	0.6300877064486924	0.0	0.36991229355130756	Y
10	0.7205479795239265	0.05877266458989273	0.054366421691468145	0.1663129341947126	A
11	0.274671315920865	0.21834216776310225	0.25045607126640146	0.2565304450496313	N
12	0.3015796593548915	0.12548714181876924	0.14022924534891526	0.4327039534774241	W
13	0.2272359610506841	0.14305696452996555	0.437989136723428	0.19171793769592246	G
14	0.27931299256345493	0.16553312504203643	0.15546266474515996	0.39969121764934873	T
15	0.2871625593219674	0.2209125902326589	0.18092103138723872	0.3110038190581349	T
16	0.2976281586803034	0.29011353603571355	0.13308647856951866	0.2791718267144644	N
17	0.22732852649878968	0.2527754182853765	0.17178855853648822	0.34810749667934565	T
XX
DE	Motif13	RGAACANACWGTWC	74327.47488585657
PO	A	C	G	T
1	0.506682939309902	0.0	0.35135699452950253	0.14196006616059548	R
2	0.11233030912556345	0.0089640240402791	0.7719538643696288	0.10675180246452866	G
3	0.41448847320993937	0.17638799547016487	0.134955431615985	0.27416809970391076	A
4	0.9147656590185388	0.01237882464777696	0.02763226055048312	0.045223255783201216	A
5	0.06174420990954658	0.8268569945837613	0.10838472238250069	0.0030140731241913867	C
6	0.7798828967940694	0.06993290974250721	0.06921495069139542	0.08096924277202784	A
7	0.21555378311137163	0.24729170378807688	0.23986122805020052	0.2972932850503511	N
8	0.4087639159055858	0.13915753959194682	0.19772904432246072	0.2543495001800066	A
9	0.28240747254288867	0.30008514502202654	0.23692979860864607	0.1805775838264388	C
10	0.39437584406521053	0.0	0.0	0.6056241559347896	W
11	0.17661986581279224	0.0	0.7524755212801204	0.07090461290708726	G
12	0.23875490818912048	0.10837742919327782	0.11182111803449467	0.5410465445831071	T
13	0.30782006500863507	0.19690442570480932	0.17091844943840542	0.32435705984815016	W
14	0.2491005887526102	0.4429885156660909	0.06276414387848431	0.24514675170281455	C
XX
DE	Motif14	WRARCAAACAGTANAWT	65327.975185841504
PO	A	C	G	T
1	0.41553812367517295	0.0723902827818631	0.16635120891617186	0.34572038462679217	W
2	0.337146462403406	0.12284845041869652	0.34693840456213887	0.19306668261575868	R
3	0.4250376475647219	0.07338125500119771	0.2154500952502034	0.286131002183877	A
4	0.40010086092898195	0.07231523180371914	0.4134186375996568	0.11416526966764219	R
5	0.022708536894522076	0.6267109357339208	0.05390741431181544	0.29667311305974164	C
6	0.9033774852988937	0.053834309198184396	9.199302619178698E-4	0.04186827524100399	A
7	0.6543119388807878	0.2599750341137205	0.05011286140235538	0.0356001656031363	A
8	0.8367585299430274	0.013404932276155471	0.11562943938185187	0.03420709839896536	A
9	0.0	0.5933630292192137	0.1768880602770733	0.2297489105037132	C
10	0.7924817893992776	0.024235384806428447	0.0055377347662375785	0.17774509102805627	A
11	0.262271744224675	0.15056160514936656	0.3764302188479511	0.2107364317780073	G
12	0.2806734026124774	0.16323495752120823	0.14440128997912133	0.4116903498871931	T
13	0.33351349664915075	0.1387363768748404	0.2743138879854235	0.25343623849058544	A
14	0.29842647501207054	0.2875968008236884	0.13982908008345116	0.2741476440807899	N
15	0.3086788226527364	0.2381279300699385	0.16923749613658828	0.28395575114073696	A
16	0.3110377658471393	0.17679295071885784	0.18505064204737182	0.3271186413866311	W
17	0.2896712637869527	0.1794944575520554	0.2174211548546557	0.31341312380633635	T
XX
DE	Motif15	AWAARTAMACAGTG	67755.4035144429
PO	A	C	G	T
1	0.323872982551279	0.28624534459875534	0.15248258480420643	0.23739908804575924	A
2	0.43436968381280916	0.1314870782335958	0.10068207647072813	0.33346116148286686	W
3	0.4411257062935757	0.13443782239262766	0.2704512405635087	0.15398523075028783	A
4	0.46116497420966734	0.0	0.242778188187206	0.2960568376031266	A
5	0.323463725597188	0.04602285689798758	0.4895536608155815	0.1409597566892428	R
6	0.2717325012379439	0.26737580494367125	0.15088486087396646	0.31000683294441833	T
7	0.6725542560624829	0.07016392297172241	0.19924996769410597	0.05803185327168865	A
8	0.5501825352567966	0.3387397863664721	0.034126451619831834	0.07695122675689936	M
9	0.915412749276691	0.009792897396438304	0.05471219203676274	0.02008216129010782	A
10	0.0	0.9396613506202007	0.011382457085704548	0.0489561922940947	C
11	0.8643723239353578	0.0	0.011977037667407216	0.12365063839723502	A
12	0.23531255477820345	0.10825080032309312	0.4301476106895106	0.2262890342091928	G
13	0.27919809837252896	0.150568930770417	0.16680994067635163	0.4034230301807024	T
14	0.2837218663055793	0.16972862190888785	0.33111286217352875	0.21543664961200404	G
XX
DE	Motif16	WTTATTTGTT	66356.84133147183
PO	A	C	G	T
1	0.3898154881505723	0.09638179611516712	0.14172998267264492	0.37207273306161565	W
2	0.22726838575779804	0.2137235756503141	0.23971781302884862	0.31929022556303926	T
3	0.16754580896789442	0.15857449987968325	0.0905730940098289	0.5833065971425936	T
4	0.7127322750970873	0.0	0.2872677249029128	0.0	A
5	0.05252433158424551	0.20734199624840047	0.032451726913677814	0.7076819452536762	T
6	0.027016396410492315	0.16127612496056096	0.19756580104082902	0.6141416775881177	T
7	0.059138676241066744	0.001804948881347707	0.07233394705311545	0.8667224278244701	T
8	0.0	0.0	1.0	0.0	G
9	0.13663342900263015	0.2760067941017653	0.16019187316060945	0.4271679037349951	T
10	0.24833008311231128	0.2264786596193348	0.0627918911789518	0.46239936608940213	T
XX
DE	Motif17	AAATAAAMA	66197.21596076577
PO	A	C	G	T
1	0.4047567097660914	0.2866991505513309	0.1207136622148665	0.18783047746771117	A
2	0.5131020720674088	0.2623868043335499	0.13310710186595742	0.09140402173308383	A
3	0.8424411121033349	5.017680731989006E-4	0.15705711982346618	0.0	A
4	0.0	0.17501388566673737	0.0	0.8249861143332627	T
5	0.8587362007973338	0.08048138731013722	0.06048921903044214	2.9319286208684425E-4	A
6	0.8077173221307639	0.16533486181162402	0.026947816057612074	0.0	A
7	0.8215397132906792	0.09030808262521609	0.0881522040841049	0.0	A
8	0.3602031719736257	0.3567439859799851	0.1822409855869257	0.10081185645946351	M
9	0.43883434067567356	0.21324393245195425	0.10967300520140001	0.2382487216709722	A
XX
DE	Motif18	AWAARARMACAGWAWGTWCT	66741.15600153417
PO	A	C	G	T
1	0.3244122831080325	0.20817195015507148	0.17341901075685598	0.29399675598004005	A
2	0.3534934333384109	0.1747203420844186	0.15240521843004737	0.3193810061471231	W
3	0.41879719224926004	0.1466193172466626	0.2139574214895073	0.22062606901457008	A
4	0.36806217886501746	0.1352278453449074	0.20819570535490395	0.28851427043517114	A
5	0.3493402235614466	0.10173373919205755	0.3480611866334591	0.20086485061303683	R
6	0.3788680605180737	0.1109601532226051	0.23142236417535486	0.2787494220839664	A
7	0.4817741963421747	0.023627351841160556	0.4094902539152869	0.08510819790137775	R
8	0.5153781973068169	0.3731561749939353	0.11146562769924781	0.0	M
9	0.889998689252577	0.03040594046117103	0.0232229285632011	0.0563724417230509	A
10	0.005732890220436931	0.9457510208246942	0.01853697486009641	0.029979114094772667	C
11	0.8921811527573695	1.0319968571934811E-4	0.0038873450295011614	0.10382830252741002	A
12	0.25625692211595813	0.07420150144410366	0.44784890952998696	0.22169266690995124	G
13	0.36323054204000704	0.1520159734888442	0.18153476293340975	0.30321872153773904	W
14	0.33894431578532186	0.18187562889632433	0.2956034388854732	0.1835766164328806	A
15	0.3089866749470139	0.14396004032845963	0.10279535611900996	0.4442579286055165	W
16	0.25084159241105125	0.11844496560757159	0.4553207275812303	0.17539271440014687	G
17	0.2300623548269073	0.1641214361385542	0.13178219740957614	0.47403401162496234	T
18	0.3392302854356734	0.20265203282528566	0.14940383703286142	0.30871384470617963	W
19	0.24560414323895022	0.4328187528676913	0.09729541297112641	0.22428169092223213	C
20	0.26386740579384205	0.2759514946185308	0.080717117008164	0.37946398257946307	T
XX
DE	Motif19	GWACANAATGTTCYTW	72958.40666810625
PO	A	C	G	T
1	0.21550027455842083	0.06210196329311393	0.5207404362611503	0.20165732588731491	G
2	0.37020196730268	0.17225486524565656	0.1567700461610858	0.3007731212905776	W
3	0.6289315196554851	0.07884910595165817	0.09250104955217887	0.19971832484067764	A
4	0.11084172913329153	0.6377091415861925	0.10225413608714377	0.14919499319337215	C
5	0.620348118507335	0.06153677988487295	0.08562262994814844	0.23249247165964354	A
6	0.28562932731624174	0.2783317633907486	0.2540074231513488	0.1820314861416608	N
7	0.5196560607723081	0.18986121153518012	0.15688988230533482	0.13359284538717692	A
8	0.4251429219568397	0.27967937805493764	0.18976268804760307	0.10541501194061945	A
9	0.21470706862710204	0.019010361014080622	0.03600953919567516	0.7302730311631421	T
10	8.079819791322864E-4	0.011942403858995814	0.9871568802707656	9.273389110621817E-5	G
11	0.08483708817865102	0.03006596135534169	0.02499616175113585	0.8601007887148715	T
12	0.2628321132509046	0.16852411866615052	0.17044536682511408	0.3981984012578308	T
13	0.13275507512149978	0.6877487066959209	0.018864386302151218	0.16063183188042812	C
14	0.17141956976812936	0.3446033762542882	0.010603150247206233	0.4733739037303762	Y
15	0.219000490760053	0.21105704309170667	0.13591383213138183	0.43402863401685854	T
16	0.30668391559958613	0.1465779896762511	0.2172218848220769	0.32951620990208585	W
XX
DE	Motif20	AWTWWAAARGAACANANWGTWC	70386.83110862247
PO	A	C	G	T
1	0.39150757115058454	0.176208238614046	0.16325906850871744	0.26902512172665216	A
2	0.3556844405377332	0.17854048679879428	0.146250734745826	0.3195243379176466	W
3	0.2692320094533819	0.21793046828770085	0.16680130629910214	0.3460362159598151	T
4	0.34230570500981805	0.12860545169281745	0.15490279109811064	0.37418605219925394	W
5	0.3192465101798377	0.1449050443783077	0.218524742476255	0.31732370296559964	W
6	0.33424845539195586	0.2260348907294735	0.18479050188955765	0.254926151989013	A
7	0.36621519612525644	0.23106672555620753	0.13549322762193536	0.2672248506966007	A
8	0.46373739251970975	0.14807020348678931	0.19041952988236013	0.19777287411114092	A
9	0.5270175140460496	0.002816817874148885	0.3460252229239421	0.12414044515585934	R
10	0.1299649325426915	0.029824908126557418	0.7450871200640751	0.0951230392666761	G
11	0.45433045974582803	0.1850870863596833	0.14510665201802742	0.21547580187646131	A
12	0.8766216662446052	0.011983476126968023	0.0311943195424685	0.08020053808595831	A
13	0.06884492687776096	0.7939728067292594	0.11716401365358681	0.020018252739392856	C
14	0.781707353631178	0.029742666604014086	0.031933359232115044	0.156616620532693	A
15	0.20007935007385005	0.2350304106287275	0.28071635267573125	0.28417388662169113	N
16	0.3658917811306036	0.17123901354580903	0.17560693885771408	0.2872622664658731	A
17	0.2985384600250967	0.25919916119041503	0.2399275770166914	0.20233480176779692	N
18	0.31704399374246633	0.06715647655692727	0.06845381949198358	0.5473457102086229	W
19	0.20257740913887734	0.0	0.7974225908611227	0.0	G
20	0.21632695746376698	0.10781228886877768	0.09757830360665955	0.5782824500607958	T
21	0.34948487872418293	0.18612225361237086	0.15985425503925332	0.3045386126241929	W
22	0.24451464291611602	0.4889553098263667	0.04620841078453766	0.22032163647297962	C
XX
DE	Motif21	ARGAACAGTNWGTWC	73607.28102177117
PO	A	C	G	T
1	0.4485151133381505	0.1153023609133818	0.2241148067344479	0.2120677190140198	A
2	0.4709046283008668	0.01726884027646624	0.35477063177457746	0.15705589964808947	R
3	0.19170518297562486	0.0128164463554086	0.6517280562854526	0.143750314383514	G
4	0.4007196214376774	0.1741493363562659	0.1687853197100154	0.2563457224960413	A
5	0.8384674330683493	0.037937338909624266	0.03938854871160292	0.08420667931042365	A
6	0.009654192540769335	0.9785191436814382	0.00788642474253015	0.003940239035262286	C
7	0.900091849369594	0.031981544198185205	0.0019389298894109247	0.06598767654280993	A
8	0.1844899227635587	0.16353889735793706	0.3764320373154895	0.27553914256301465	G
9	0.2612455332867782	0.12783678866777587	0.22569488051710218	0.38522279752834376	T
10	0.2984915578928794	0.18005202531902095	0.29939419253152416	0.22206222425657549	N
11	0.357276884280384	0.13555946065836472	0.0	0.5071636550612514	W
12	0.18257123725407715	0.11712725980622445	0.6061393731511261	0.09416212978857227	G
13	0.19056250022222979	0.0831387944053874	0.09558828892735398	0.6307104164450288	T
14	0.3120671615767014	0.15014349781485187	0.17727435182609258	0.3605149887823542	W
15	0.19851274919368705	0.5403710456416566	0.0750764175060028	0.18603978765865353	C
XX
DE	Motif22	GYAMAYANTGTT	69176.63921562121
PO	A	C	G	T
1	0.22617171771104677	0.061308660520554094	0.5881916033021239	0.12432801846627524	G
2	0.15795275404515816	0.368337164906649	0.08436242113035704	0.3893476599178359	Y
3	0.9998989531213223	0.0	1.0104687867775312E-4	0.0	A
4	0.5409835375358362	0.4182188747327622	0.040797587731401685	0.0	M
5	0.9003423768707626	0.03085426514746634	0.05623185912372939	0.012571498858041617	A
6	3.026319981295536E-4	0.4550994254898964	0.10268545671066129	0.44191248580131276	Y
7	0.7889529236609774	0.08054794028947425	0.12958867607969826	9.104599698500217E-4	A
8	0.256172641362804	0.22260774408738662	0.2243513995076473	0.29686821504216226	N
9	0.21366829045916882	0.1118634642196725	0.13868259900759344	0.5357856463135653	T
10	0.2061611336561283	0.15724108443177753	0.4481301095059318	0.18846767240616238	G
11	0.28247551151564687	0.17078527631746165	0.13157593332197745	0.41516327884491394	T
12	0.27594360896123643	0.2474472224673889	0.15261960100779623	0.3239895675635785	T
XX
DE	Motif23	AAAWWWAAAARGAACANA	67995.82059421088
PO	A	C	G	T
1	0.3355554500279899	0.21652640747233368	0.16812436681757537	0.2797937756821012	A
2	0.3956813081272712	0.16566856237149877	0.15421029598105537	0.2844398335201746	A
3	0.38303970549684585	0.16462954795306703	0.2006980700611452	0.25163267648894183	A
4	0.37680960538879993	0.16408778074583077	0.13590950877278452	0.3231931050925847	W
5	0.3040820423254416	0.20086548604768206	0.16116095948983472	0.3338915121370416	W
6	0.3118654430762663	0.17761591115876502	0.13849532151574145	0.37202332424922724	W
7	0.36598473856232944	0.13879262663431344	0.22061373477583798	0.2746089000275191	A
8	0.3132177461228555	0.2676619361312339	0.1805298399407421	0.23859047780516845	A
9	0.4107193791460025	0.21859355238326064	0.11399609334252493	0.25669097512821204	A
10	0.48162754328444557	0.14895846808508967	0.1923895582320778	0.17702443039838703	A
11	0.558866158338369	0.004069159382297012	0.3284262099380661	0.1086384723412681	R
12	0.009383249129575067	0.022876437043768086	0.9029216972623	0.06481861656435683	G
13	0.4288436802248686	0.17643070509216843	0.11181758474162869	0.28290802994133424	A
14	0.9246708788487678	0.005193666542658863	0.013020213835109118	0.05711524077346435	A
15	0.11512102995654613	0.8848789700434538	0.0	0.0	C
16	0.8614006353442504	0.011861449370108591	0.025314610641466877	0.10142330464417408	A
17	0.18269454137753044	0.2636623223190744	0.26515093815209234	0.28849219815130284	N
18	0.39961710571169085	0.16364580398601794	0.1545418267854397	0.28219526351685154	A
XX
DE	Motif24	WAWGTAMAYANWGW	68458.59978434138
PO	A	C	G	T
1	0.34665453736313034	0.18158083185310706	0.12541516644162934	0.34634946434213315	W
2	0.3728508505369176	0.22858520808822907	0.18467969972197273	0.21388424165288059	A
3	0.40314844772269914	0.010382535132933388	0.1961399218463416	0.39032909529802584	W
4	0.10116229303538823	0.01850958382113923	0.8294573929633206	0.05087073018015182	G
5	0.14913560779411758	0.28979501980123634	0.05855030457152375	0.5025190678331224	T
6	0.8199049584233378	0.1566232933899498	0.014542236030088668	0.008929512156623685	A
7	0.537490495733272	0.4389731456333241	0.023435845491488402	1.0051314191545375E-4	M
8	0.8345122910013707	0.06478054349478947	0.049440774922400864	0.05126639058143901	A
9	0.019723019903964998	0.5572995928376618	0.11958429506966328	0.3033930921887099	Y
10	0.7848463131947521	0.0	0.0	0.21515368680524802	A
11	0.27000285683847697	0.20366730418482157	0.26111847373643177	0.2652113652402697	N
12	0.3004369821939903	0.14601440300237017	0.14869382409591966	0.4048547907077199	W
13	0.24771804496214578	0.1545053117577858	0.3937427359920401	0.20403390728802825	G
14	0.30103657849956017	0.18937056738098632	0.13922448813365546	0.37036836598579803	W
XX
DE	Motif25	WWAAAAGAACACAGW	68121.23804551002
PO	A	C	G	T
1	0.30069562350676526	0.1864474950733473	0.17085094667442344	0.342005934745464	W
2	0.3477983007174177	0.1428075884480756	0.19947450365421565	0.30991960718029105	W
3	0.35840029017565506	0.23650494375253886	0.15267211040561424	0.2524226556661918	A
4	0.40217421974385337	0.18167848556508784	0.12003535620544899	0.2961119384856098	A
5	0.4114839969804046	0.11785892791610142	0.2714973198333815	0.19915975527011243	A
6	0.3932218550338707	0.059091381185501175	0.29553371091755315	0.25215305286307504	A
7	0.2778387474798393	0.04866408845017678	0.5942789757519349	0.07921818831804915	G
8	0.6269816440720073	0.018881044039227208	0.09842536606057702	0.25571194582818857	A
9	0.8377739961059893	0.003389579200466147	0.14277101973229234	0.01606540496125205	A
10	0.0	0.9822121183515938	0.015599595757025944	0.0021882858913801653	C
11	0.9415421221298235	0.012363617474106345	0.007754712959600074	0.03833954743647021	A
12	0.24851415046070072	0.3772179425936679	0.2134060844637881	0.16086182248184341	C
13	0.6096346095442244	0.09026684217621589	0.06847391678301985	0.23162463149653986	A
14	0.23737012324401094	0.2031498792165265	0.3370256730811686	0.22245432445829386	G
15	0.3118461685386732	0.1436891346027041	0.10399328262257088	0.44047141423605185	W
XX
