DE	Motif_clust1	WAAGYAAAYAAAAAAGAACA	83691.98687604882
PO	A	C	G	T
1	0.49046125470953644	0.09071509605252522	0.0	0.4188236492379383	W
2	0.49875137752953547	0.1459916961587113	0.24375050883792548	0.11150641747382767	A
3	0.527543195690183	0.0	0.18453657699312928	0.28792022731668776	A
4	0.29969586290523875	0.03380190918730916	0.590491493309856	0.07601073459759597	G
5	0.07284929019338493	0.3733668833126036	0.0358078216239453	0.5179760048700662	Y
6	0.8506515435312361	0.10678108034599568	0.023610109497977306	0.018957266624790997	A
7	0.8196952396161145	0.15993299625403445	0.004128574132475571	0.016243189997375465	A
8	0.9603584330626181	0.0018129277037046505	0.027942514559936113	0.00988612467374112	A
9	0.0	0.6572559614232234	0.03639383233342976	0.3063502062433469	Y
10	0.8789754321650128	0.021401823695709202	0.01724024162886939	0.08238250251040846	A
11	0.38924745934050536	0.16051489874274222	0.21362484635149168	0.23661279556526077	A
12	0.389048346711118	0.17118349385604759	0.17405151196386007	0.26571664746897444	A
13	0.3641239547511042	0.19129886930949788	0.2192553681599797	0.22532180777941818	A
14	0.44116199417561164	0.15082612849949084	0.1535006656824598	0.2545112116424378	A
15	0.46146956538594347	0.08144131624379973	0.261108468071114	0.19598065029914277	A
16	0.22833882827326735	0.08812948531966669	0.4590730192406952	0.22445866716637072	G
17	0.37531578066862825	0.15964552247612734	0.18354928181992236	0.2814894150353222	A
18	0.6118110542829119	0.10253116290337587	0.10405083389603192	0.18160694891768023	A
19	0.21698633793683478	0.48747555439273244	0.11998548409271748	0.17555262357771528	C
20	0.4951417777636674	0.1866577553752467	0.1080622632060528	0.210138203655033	A
XX
DE	Motif_clust2	ARGAACAGTNWGTWC	73607.28102177117
PO	A	C	G	T
1	0.4485151133381505	0.1153023609133818	0.2241148067344479	0.2120677190140198	A
2	0.4709046283008668	0.01726884027646624	0.35477063177457746	0.15705589964808947	R
3	0.19170518297562486	0.0128164463554086	0.6517280562854526	0.143750314383514	G
4	0.4007196214376774	0.1741493363562659	0.1687853197100154	0.2563457224960413	A
5	0.8384674330683493	0.037937338909624266	0.03938854871160292	0.08420667931042365	A
6	0.009654192540769335	0.9785191436814382	0.00788642474253015	0.003940239035262286	C
7	0.900091849369594	0.031981544198185205	0.0019389298894109247	0.06598767654280993	A
8	0.1844899227635587	0.16353889735793706	0.3764320373154895	0.27553914256301465	G
9	0.2612455332867782	0.12783678866777587	0.22569488051710218	0.38522279752834376	T
10	0.2984915578928794	0.18005202531902095	0.29939419253152416	0.22206222425657549	N
11	0.357276884280384	0.13555946065836472	0.0	0.5071636550612514	W
12	0.18257123725407715	0.11712725980622445	0.6061393731511261	0.09416212978857227	G
13	0.19056250022222979	0.0831387944053874	0.09558828892735398	0.6307104164450288	T
14	0.3120671615767014	0.15014349781485187	0.17727435182609258	0.3605149887823542	W
15	0.19851274919368705	0.5403710456416566	0.0750764175060028	0.18603978765865353	C
XX
DE	Motif_clust3	GYAMAYANTGTT	69176.63921562121
PO	A	C	G	T
1	0.22617171771104677	0.061308660520554094	0.5881916033021239	0.12432801846627524	G
2	0.15795275404515816	0.368337164906649	0.08436242113035704	0.3893476599178359	Y
3	0.9998989531213223	0.0	1.0104687867775312E-4	0.0	A
4	0.5409835375358362	0.4182188747327622	0.040797587731401685	0.0	M
5	0.9003423768707626	0.03085426514746634	0.05623185912372939	0.012571498858041617	A
6	3.026319981295536E-4	0.4550994254898964	0.10268545671066129	0.44191248580131276	Y
7	0.7889529236609774	0.08054794028947425	0.12958867607969826	9.104599698500217E-4	A
8	0.256172641362804	0.22260774408738662	0.2243513995076473	0.29686821504216226	N
9	0.21366829045916882	0.1118634642196725	0.13868259900759344	0.5357856463135653	T
10	0.2061611336561283	0.15724108443177753	0.4481301095059318	0.18846767240616238	G
11	0.28247551151564687	0.17078527631746165	0.13157593332197745	0.41516327884491394	T
12	0.27594360896123643	0.2474472224673889	0.15261960100779623	0.3239895675635785	T
XX
DE	Motif_clust4	AAATAAAMA	66197.21596076577
PO	A	C	G	T
1	0.4047567097660914	0.2866991505513309	0.1207136622148665	0.18783047746771117	A
2	0.5131020720674088	0.2623868043335499	0.13310710186595742	0.09140402173308383	A
3	0.8424411121033349	5.017680731989006E-4	0.15705711982346618	0.0	A
4	0.0	0.17501388566673737	0.0	0.8249861143332627	T
5	0.8587362007973338	0.08048138731013722	0.06048921903044214	2.9319286208684425E-4	A
6	0.8077173221307639	0.16533486181162402	0.026947816057612074	0.0	A
7	0.8215397132906792	0.09030808262521609	0.0881522040841049	0.0	A
8	0.3602031719736257	0.3567439859799851	0.1822409855869257	0.10081185645946351	M
9	0.43883434067567356	0.21324393245195425	0.10967300520140001	0.2382487216709722	A
XX
DE	Motif_clust5	GAACACAGT	32896.22195285121
PO	A	C	G	T
1	0.27585095208752974	0.09088370836250438	0.4315383478017769	0.20172699174818895	G
2	0.37224000991642486	0.19869077350537923	0.15124352363879529	0.27782569293940074	A
3	1.0	0.0	0.0	0.0	A
4	0.0	1.0	0.0	0.0	C
5	0.9446733055203277	0.0	0.05532669447967232	0.0	A
6	0.0	1.0	0.0	0.0	C
7	0.9041893533650838	0.0	0.09581064663491635	0.0	A
8	0.24880360883854033	0.1592545457868875	0.37437885984098096	0.21756298553359116	G
9	0.2994298632476615	0.14777079360498394	0.15629057833167193	0.3965087648156826	T
XX
